ts_code,datetime,open,high,low,close,pre_close,change,pct_chg,volume,amount
002862.SZ,2017-04-11,6.95,7.59,6.95,7.59,5.27,2.3200000000000003,44.02,55.0,88.306
002862.SZ,2017-04-12,8.35,8.35,8.35,8.35,7.59,0.7599999999999998,10.01,20.0,35.38
002862.SZ,2017-04-13,9.18,9.18,9.18,9.18,8.35,0.8300000000000001,9.94,35.0,68.11
002862.SZ,2017-04-14,10.1,10.1,10.1,10.1,9.18,0.9199999999999999,10.02,47.0,100.627
002862.SZ,2017-04-17,11.11,11.11,11.11,11.11,10.1,1.0099999999999998,10.0,72.0,169.56
002862.SZ,2017-04-18,12.22,12.22,12.22,12.22,11.11,1.1100000000000012,9.99,71.0,183.961
002862.SZ,2017-04-19,13.45,13.45,13.45,13.45,12.22,1.2299999999999986,10.07,164.0,467.4
002862.SZ,2017-04-20,14.79,14.79,14.79,14.79,13.45,1.3399999999999999,9.96,113.51,355.853
002862.SZ,2017-04-21,16.27,16.27,16.27,16.27,14.79,1.4800000000000004,10.01,1097.0,3783.553
002862.SZ,2017-04-24,17.9,17.9,17.9,17.9,16.27,1.629999999999999,10.02,6068.51,23023.926
002862.SZ,2017-04-25,18.41,19.18,18.26,18.46,17.9,0.5600000000000023,3.13,114934.83,454913.147
002862.SZ,2017-04-26,18.48,19.34,18.03,18.42,18.46,-0.03999999999999915,-0.22,86066.43,341230.992
002862.SZ,2017-04-27,18.41,20.26,18.31,19.98,18.42,1.5599999999999987,8.47,103280.78,423572.917
002862.SZ,2017-04-28,19.46,19.81,19.04,19.34,19.98,-0.6400000000000006,-3.2,72592.04,298726.157
002862.SZ,2017-05-02,19.3,19.63,18.74,19.13,19.34,-0.21000000000000085,-1.09,42518.91,172316.415
002862.SZ,2017-05-03,19.04,19.57,18.75,19.47,19.13,0.33999999999999986,1.78,57942.52,236613.193
002862.SZ,2017-05-04,19.18,19.57,18.21,19.09,19.47,-0.379999999999999,-1.95,50897.34,204377.728
002862.SZ,2017-05-05,18.82,19.02,18.18,18.39,19.09,-0.6999999999999993,-3.67,31763.2,125704.189
002862.SZ,2017-05-08,18.17,18.78,17.96,18.32,18.39,-0.07000000000000028,-0.38,23367.33,91257.346
002862.SZ,2017-05-09,18.28,18.79,18.09,18.68,18.32,0.35999999999999943,1.97,21706.83,85476.425
002862.SZ,2017-05-10,18.54,18.77,18.12,18.15,18.68,-0.5300000000000011,-2.84,23393.86,91163.784
002862.SZ,2017-05-11,17.93,18.21,17.13,18.14,18.15,-0.00999999999999801,-0.06,20994.37,79362.282
002862.SZ,2017-05-12,18.12,18.3,17.7,18.14,18.14,0.0,0.0,15379.0,58746.459
002862.SZ,2017-05-15,18.26,18.78,18.0,18.57,18.14,0.4299999999999997,2.37,23155.61,90543.513
002862.SZ,2017-05-16,18.52,18.98,17.93,18.93,18.57,0.35999999999999943,1.94,22129.0,87398.982
002862.SZ,2017-05-17,18.96,19.81,18.63,18.93,18.93,0.0,0.0,24175.6,97948.38
002862.SZ,2017-05-18,18.61,19.37,18.5,19.2,18.93,0.2699999999999996,1.43,21996.0,88907.397
002862.SZ,2017-05-19,19.14,19.31,18.64,18.87,19.2,-0.3299999999999983,-1.72,15918.0,63810.692
002862.SZ,2017-05-22,18.86,18.95,17.45,17.69,18.87,-1.1799999999999997,-6.25,23832.57,92096.822
002862.SZ,2017-05-23,17.46,17.69,15.92,15.92,17.69,-1.7700000000000014,-10.01,32894.68,114423.045
002862.SZ,2017-05-24,15.8,16.17,15.57,16.05,15.92,0.13000000000000078,0.82,12391.0,41749.903
002862.SZ,2017-05-25,15.89,16.22,15.03,16.04,16.05,-0.010000000000001563,-0.06,13845.36,46213.584
002862.SZ,2017-05-26,15.96,16.56,15.57,16.21,16.04,0.1700000000000017,1.06,11865.25,40575.952
002862.SZ,2017-05-31,16.75,17.41,16.1,16.15,16.21,-0.060000000000002274,-0.37,18041.25,64613.259
002862.SZ,2017-06-01,15.99,16.03,15.17,15.3,16.15,-0.8499999999999979,-5.26,13646.68,44988.407
002862.SZ,2017-06-02,15.19,15.77,14.95,15.6,15.3,0.29999999999999893,1.96,9583.4,31373.054
002862.SZ,2017-06-05,16.03,16.13,15.71,15.86,15.6,0.2599999999999998,1.67,9065.0,30614.847
002862.SZ,2017-06-06,15.57,16.84,15.54,16.41,15.86,0.5500000000000007,3.47,14351.0,49304.953
002862.SZ,2017-06-07,16.28,17.08,16.19,16.85,16.41,0.4400000000000013,2.68,17616.86,62628.041
002862.SZ,2017-06-08,16.86,17.08,16.53,16.84,16.85,-0.010000000000001563,-0.06,12680.84,45181.735
002862.SZ,2017-06-09,16.79,17.44,16.57,16.78,16.84,-0.05999999999999872,-0.36,10577.07,37648.252
002862.SZ,2017-06-12,16.47,16.51,15.76,16.03,16.78,-0.75,-4.47,13092.17,44683.463
002862.SZ,2017-06-13,15.83,16.56,15.83,16.45,16.03,0.41999999999999815,2.62,10424.29,36046.83
002862.SZ,2017-06-14,16.52,16.61,16.12,16.49,16.45,0.03999999999999915,0.24,11350.0,39491.5
002862.SZ,2017-06-15,16.28,16.94,16.28,16.74,16.49,0.25,1.52,13619.0,48280.554
002862.SZ,2017-06-16,16.68,17.72,16.37,17.4,16.74,0.6600000000000001,3.94,23315.86,84416.318
002862.SZ,2017-06-19,17.31,17.5,17.08,17.35,17.4,-0.04999999999999716,-0.29,11460.62,41975.676
002862.SZ,2017-06-20,17.24,17.48,17.05,17.24,17.35,-0.11000000000000298,-0.63,9384.68,34263.947
002862.SZ,2017-06-21,17.23,17.46,16.97,17.07,17.24,-0.16999999999999815,-0.99,5840.53,21264.783
002862.SZ,2017-06-22,17.01,17.12,16.54,16.56,17.07,-0.5100000000000016,-2.99,6453.0,23041.158
002862.SZ,2017-06-23,16.51,16.95,15.57,16.12,16.56,-0.4399999999999977,-2.66,11660.0,39876.938
002862.SZ,2017-06-26,16.18,16.59,15.95,16.51,16.12,0.39000000000000057,2.42,9371.0,32579.923
002862.SZ,2017-06-27,16.39,16.79,16.39,16.49,16.51,-0.020000000000003126,-0.12,5381.23,18890.912
002862.SZ,2017-06-28,16.5,16.5,15.94,15.99,16.49,-0.4999999999999982,-3.03,4940.06,16836.22
002862.SZ,2017-06-29,16.04,16.16,15.96,15.99,15.99,0.0,0.0,3388.0,11522.346
002862.SZ,2017-06-30,15.98,16.37,15.81,16.23,15.99,0.2400000000000002,1.5,4901.68,16749.198
002862.SZ,2017-07-03,16.23,16.26,16.04,16.2,16.23,-0.030000000000001137,-0.18,3728.0,12753.769
002862.SZ,2017-07-04,16.17,16.69,16.17,16.64,16.2,0.4400000000000013,2.72,6577.0,22843.293
002862.SZ,2017-07-05,16.65,17.12,16.59,16.79,16.64,0.14999999999999858,0.9,8658.29,30795.845
002862.SZ,2017-07-06,16.98,17.06,16.52,17.05,16.79,0.26000000000000156,1.55,11041.37,39448.551
002862.SZ,2017-07-07,17.45,17.81,17.22,17.63,17.05,0.5799999999999983,3.4,23886.72,88902.397
002862.SZ,2017-07-10,17.5,17.5,16.6,16.84,17.63,-0.7899999999999991,-4.48,20395.41,72828.236
002862.SZ,2017-07-11,16.79,17.12,16.46,16.49,16.84,-0.3500000000000014,-2.08,10238.0,36205.083
002862.SZ,2017-07-12,16.61,16.69,16.04,16.58,16.49,0.08999999999999986,0.55,9417.31,32541.391
002862.SZ,2017-07-13,16.61,16.88,16.21,16.6,16.58,0.020000000000003126,0.12,9266.02,32436.433
002862.SZ,2017-07-14,16.65,16.65,16.21,16.36,16.6,-0.240000000000002,-1.45,5039.02,17507.093
002862.SZ,2017-07-17,16.35,16.35,14.72,14.72,16.36,-1.6399999999999988,-10.02,11255.0,35770.909
002862.SZ,2017-07-18,13.94,14.11,13.25,14.05,14.72,-0.6699999999999999,-4.55,23219.0,67136.291
002862.SZ,2017-07-19,13.67,14.02,13.4,14.02,14.05,-0.030000000000001137,-0.21,13480.04,39085.318
002862.SZ,2017-07-20,13.93,14.86,13.71,14.76,14.02,0.7400000000000002,5.28,24430.04,74578.409
002862.SZ,2017-07-21,15.57,15.81,14.45,14.45,14.76,-0.3100000000000005,-2.1,76613.07,249419.757
002862.SZ,2017-07-24,13.72,13.8,13.01,13.73,14.45,-0.7199999999999989,-4.98,34375.63,97766.631
002862.SZ,2017-07-25,13.6,13.92,13.26,13.67,13.73,-0.0600000000000005,-0.44,22735.46,65497.236
002862.SZ,2017-07-26,13.64,13.65,13.21,13.35,13.67,-0.3200000000000003,-2.34,15217.26,43255.096
002862.SZ,2017-07-27,13.23,13.8,13.07,13.69,13.35,0.33999999999999986,2.55,22163.59,63428.028
002862.SZ,2017-07-28,13.62,13.68,13.36,13.38,13.69,-0.3099999999999987,-2.26,14174.59,40482.412
002862.SZ,2017-07-31,13.43,13.5,13.28,13.36,13.38,-0.02000000000000135,-0.15,9236.0,26230.511
002862.SZ,2017-08-01,13.39,13.45,13.18,13.4,13.36,0.040000000000000924,0.3,8679.36,24526.819
002862.SZ,2017-08-02,13.42,13.42,13.05,13.29,13.4,-0.11000000000000121,-0.82,11320.91,31761.991
002862.SZ,2017-08-03,13.2,13.45,13.15,13.29,13.29,0.0,0.0,9906.0,27990.354
002862.SZ,2017-08-04,13.3,13.36,13.07,13.27,13.29,-0.019999999999999574,-0.15,10785.0,30179.584
002862.SZ,2017-08-07,13.39,13.39,13.23,13.39,13.27,0.120000000000001,0.9,9071.09,25636.268
002862.SZ,2017-08-08,13.51,13.51,13.22,13.31,13.39,-0.08000000000000007,-0.6,8008.27,22626.965
002862.SZ,2017-08-09,13.32,13.32,13.12,13.16,13.31,-0.15000000000000036,-1.13,6962.0,19482.556
002862.SZ,2017-08-10,13.1,13.21,12.66,12.76,13.16,-0.40000000000000036,-3.04,13492.12,36779.877
002862.SZ,2017-08-11,12.5,12.59,12.2,12.2,12.76,-0.5600000000000005,-4.39,9480.69,24935.902
002862.SZ,2017-08-14,12.14,12.41,12.14,12.38,12.2,0.1800000000000015,1.48,14865.45,38747.287
002862.SZ,2017-08-15,12.5,12.64,12.43,12.56,12.38,0.17999999999999972,1.45,12847.21,34109.248
002862.SZ,2017-08-16,12.58,12.88,12.56,12.82,12.56,0.2599999999999998,2.07,13471.12,36398.419
002862.SZ,2017-08-17,12.81,12.81,12.65,12.72,12.82,-0.09999999999999964,-0.78,10488.0,28332.854
002862.SZ,2017-08-18,12.66,12.78,12.62,12.66,12.72,-0.0600000000000005,-0.47,7669.18,20607.776
002862.SZ,2017-08-21,12.7,13.01,12.7,12.95,12.66,0.28999999999999915,2.29,11280.09,30805.342
002862.SZ,2017-08-22,12.95,13.11,12.88,13.0,12.95,0.05000000000000071,0.39,11538.0,31765.855
002862.SZ,2017-08-23,13.02,13.45,12.93,13.26,13.0,0.2599999999999998,2.0,19397.18,54131.53
002862.SZ,2017-08-24,13.31,13.91,13.18,13.38,13.26,0.120000000000001,0.9,33660.3,96868.431
002862.SZ,2017-08-25,13.21,13.82,13.0,13.74,13.38,0.35999999999999943,2.69,38564.12,110300.867
002862.SZ,2017-08-28,13.82,14.57,13.82,14.39,13.74,0.6500000000000004,4.73,34197.99,103048.042
002862.SZ,2017-08-29,14.58,15.12,14.25,14.68,14.39,0.28999999999999915,2.02,41101.18,127905.064
002862.SZ,2017-08-30,14.9,15.78,14.53,15.59,14.68,0.9100000000000001,6.2,43997.52,142479.688
002862.SZ,2017-08-31,15.59,15.74,15.33,15.56,15.59,-0.02999999999999936,-0.19,28410.63,93349.994
002862.SZ,2017-09-01,15.59,16.03,15.47,15.84,15.56,0.27999999999999936,1.8,26505.87,88250.742
002862.SZ,2017-09-04,15.78,15.78,15.14,15.43,15.84,-0.41000000000000014,-2.59,16841.49,54762.746
002862.SZ,2017-09-05,15.36,15.5,15.13,15.33,15.43,-0.09999999999999964,-0.65,8099.0,26284.481
002862.SZ,2017-09-06,15.21,15.36,14.98,15.3,15.33,-0.02999999999999936,-0.2,6890.72,22187.844
002862.SZ,2017-09-07,15.29,15.48,15.1,15.16,15.3,-0.14000000000000057,-0.92,7220.0,23474.725
002862.SZ,2017-09-08,15.07,15.22,14.79,14.99,15.16,-0.16999999999999993,-1.12,8492.0,26991.989
002862.SZ,2017-09-11,14.99,15.5,14.97,15.5,14.99,0.5099999999999998,3.4,10061.15,32501.387
002862.SZ,2017-09-12,15.54,15.8,15.18,15.32,15.5,-0.17999999999999972,-1.16,12808.0,42087.509
002862.SZ,2017-09-13,15.45,15.45,15.15,15.32,15.32,0.0,0.0,5435.0,17586.526
002862.SZ,2017-09-14,15.31,15.38,15.1,15.1,15.32,-0.22000000000000064,-1.44,6974.0,22507.332
002862.SZ,2017-09-15,15.05,15.37,14.93,15.0,15.1,-0.09999999999999964,-0.66,16120.96,51510.305
002862.SZ,2017-09-18,14.85,15.1,14.29,14.86,15.0,-0.14000000000000057,-0.93,12447.0,38449.615
002862.SZ,2017-09-19,14.7,15.09,14.7,14.96,14.86,0.10000000000000142,0.67,7273.0,23025.595
002862.SZ,2017-09-20,14.96,15.19,14.81,15.13,14.96,0.16999999999999993,1.14,8947.63,28547.214
002862.SZ,2017-09-21,15.22,15.38,15.08,15.38,15.13,0.25,1.65,10704.53,34704.06
002862.SZ,2017-09-22,15.37,15.65,15.14,15.4,15.38,0.019999999999999574,0.13,7539.0,24628.61
002862.SZ,2017-09-25,15.33,15.65,15.14,15.54,15.4,0.1399999999999988,0.91,10755.0,35342.35
002862.SZ,2017-09-26,15.39,15.51,14.62,14.75,15.54,-0.7899999999999991,-5.08,9197.0,28960.526
002862.SZ,2017-09-27,14.63,15.23,14.55,15.19,14.75,0.4399999999999995,2.98,7272.0,23070.457
002862.SZ,2017-09-28,15.15,15.19,14.91,15.1,15.19,-0.08999999999999986,-0.59,3441.49,10977.61
002862.SZ,2017-09-29,15.1,15.14,15.02,15.09,15.1,-0.009999999999999787,-0.07,2728.0,8723.89
002862.SZ,2017-10-09,15.34,15.42,15.12,15.24,15.09,0.15000000000000036,0.99,3140.0,10143.91
002862.SZ,2017-10-10,15.24,16.29,15.24,16.25,15.24,1.0099999999999998,6.63,10209.0,33936.73
002862.SZ,2017-10-11,16.18,16.23,15.58,15.82,16.25,-0.4299999999999997,-2.65,12001.0,40256.595
002862.SZ,2017-10-12,15.9,16.21,15.68,16.04,15.82,0.21999999999999886,1.39,8835.0,30005.619
002862.SZ,2017-10-13,16.03,17.6,15.76,16.99,16.04,0.9499999999999993,5.92,16959.99,60163.272
002862.SZ,2017-10-16,17.31,17.31,16.46,16.76,16.99,-0.22999999999999687,-1.35,14391.99,51297.456
002862.SZ,2017-10-17,16.76,16.94,16.54,16.79,16.76,0.029999999999997584,0.18,5497.0,19551.836
002862.SZ,2017-10-18,16.66,16.89,16.64,16.69,16.79,-0.09999999999999787,-0.6,5943.0,21109.071
002862.SZ,2017-10-19,16.56,16.78,16.19,16.19,16.69,-0.5,-3.0,5831.0,20266.082
002862.SZ,2017-10-20,16.08,16.74,16.04,16.64,16.19,0.4499999999999993,2.78,6363.0,22065.274
002862.SZ,2017-10-23,16.72,16.75,16.51,16.7,16.64,0.05999999999999872,0.36,2661.85,9404.446
002862.SZ,2017-10-24,16.76,16.76,15.91,15.92,16.7,-0.7799999999999994,-4.67,5933.18,20413.113
002862.SZ,2017-10-25,15.98,16.2,15.66,16.18,15.92,0.2599999999999998,1.63,8429.0,28490.054
002862.SZ,2017-10-26,16.18,16.42,16.09,16.17,16.18,-0.00999999999999801,-0.06,5639.94,19430.926
002862.SZ,2017-10-27,16.17,16.36,14.55,15.75,16.17,-0.4200000000000017,-2.6,6443.09,21842.708
002862.SZ,2017-10-30,15.52,15.73,14.7,15.31,15.75,-0.4399999999999995,-2.79,7860.0,25510.217
002862.SZ,2017-10-31,15.32,15.72,15.1,15.59,15.31,0.27999999999999936,1.83,3919.01,12848.304
002862.SZ,2017-11-01,15.47,15.99,15.32,15.85,15.59,0.2599999999999998,1.67,5202.02,17449.609
002862.SZ,2017-11-02,15.85,15.99,15.57,15.68,15.85,-0.16999999999999993,-1.07,3954.0,13167.332
002862.SZ,2017-11-03,15.72,15.72,15.11,15.2,15.68,-0.4800000000000004,-3.06,3696.0,12012.68
002862.SZ,2017-11-06,15.2,15.75,15.2,15.57,15.2,0.370000000000001,2.43,5239.0,17177.939
002862.SZ,2017-11-07,15.66,16.03,15.44,15.85,15.57,0.27999999999999936,1.8,6018.18,20042.044
002862.SZ,2017-11-08,15.82,16.09,15.8,15.92,15.85,0.07000000000000028,0.44,9548.18,32266.382
002862.SZ,2017-11-09,15.91,15.99,15.78,15.91,15.92,-0.009999999999999787,-0.06,4157.0,14006.97
002862.SZ,2017-11-10,15.97,16.15,15.77,16.12,15.91,0.21000000000000085,1.32,6748.0,22851.619
002862.SZ,2017-11-13,16.12,16.37,15.99,16.25,16.12,0.129999999999999,0.81,6166.84,21116.58
002862.SZ,2017-11-14,16.1,16.5,16.08,16.48,16.25,0.23000000000000043,1.42,6700.17,23137.071
002862.SZ,2017-11-15,16.45,17.55,16.29,17.1,16.48,0.620000000000001,3.76,19537.08,70611.782
002862.SZ,2017-11-16,17.22,17.46,16.04,16.23,17.1,-0.870000000000001,-5.09,18174.93,65307.104
002862.SZ,2017-11-17,16.02,16.04,15.1,15.22,16.23,-1.0099999999999998,-6.22,13753.97,45324.043
002862.SZ,2017-11-20,15.1,15.22,14.15,14.67,15.22,-0.5500000000000007,-3.61,7740.0,24224.172
002862.SZ,2017-11-21,14.53,14.72,14.2,14.37,14.67,-0.3000000000000007,-2.04,8320.25,25412.416
002862.SZ,2017-11-22,14.27,14.62,14.24,14.46,14.37,0.09000000000000163,0.63,4622.23,14171.252
002862.SZ,2017-11-23,14.46,14.56,13.92,13.92,14.46,-0.5400000000000009,-3.73,4646.11,14081.575
002862.SZ,2017-11-24,13.69,14.62,13.47,14.62,13.92,0.6999999999999993,5.03,4209.0,12457.787
002862.SZ,2017-11-27,14.33,14.62,13.92,14.53,14.62,-0.08999999999999986,-0.62,2836.0,8545.516
002862.SZ,2017-11-28,14.29,14.46,14.2,14.42,14.53,-0.10999999999999943,-0.76,1993.0,6072.119
002862.SZ,2017-11-29,14.3,14.4,13.96,14.37,14.42,-0.05000000000000071,-0.35,3307.0,9962.997
002862.SZ,2017-11-30,14.18,14.62,14.18,14.58,14.37,0.21000000000000085,1.46,3496.0,10645.715
002862.SZ,2017-12-01,14.48,14.6,14.32,14.48,14.58,-0.09999999999999964,-0.69,2904.0,8906.615
002862.SZ,2017-12-04,14.29,14.42,13.77,14.04,14.48,-0.4400000000000013,-3.04,4372.0,12977.656
002862.SZ,2017-12-05,13.88,14.14,13.49,13.68,14.04,-0.35999999999999943,-2.56,5503.0,15882.029
002862.SZ,2017-12-06,13.54,13.65,13.07,13.46,13.68,-0.21999999999999886,-1.61,4854.0,13748.152
002862.SZ,2017-12-07,13.38,13.66,13.25,13.35,13.46,-0.11000000000000121,-0.82,6290.36,17872.807
002862.SZ,2017-12-08,13.34,13.61,13.28,13.54,13.35,0.1899999999999995,1.42,4035.36,11532.873
002862.SZ,2017-12-11,13.49,13.74,13.37,13.68,13.54,0.14000000000000057,1.03,2546.0,7333.689
002862.SZ,2017-12-12,13.68,13.8,13.3,13.3,13.68,-0.379999999999999,-2.78,2157.0,6171.499
002862.SZ,2017-12-13,13.28,13.52,13.09,13.44,13.3,0.1399999999999988,1.05,2759.0,7776.151
002862.SZ,2017-12-14,13.43,13.56,13.31,13.46,13.44,0.02000000000000135,0.15,2225.0,6335.847
002862.SZ,2017-12-15,13.45,13.53,13.29,13.45,13.46,-0.010000000000001563,-0.07,2314.0,6581.778
002862.SZ,2017-12-18,13.65,13.65,13.21,13.22,13.45,-0.22999999999999865,-1.71,2070.0,5840.767
002862.SZ,2017-12-19,13.12,13.34,13.12,13.34,13.22,0.11999999999999922,0.91,2270.0,6392.307
002862.SZ,2017-12-20,13.28,13.32,13.14,13.14,13.34,-0.1999999999999993,-1.5,1304.0,3647.954
002862.SZ,2017-12-21,12.97,13.35,12.82,13.1,13.14,-0.040000000000000924,-0.3,3127.0,8695.497
002862.SZ,2017-12-22,13.05,13.15,12.97,12.98,13.1,-0.11999999999999922,-0.92,2109.0,5828.0
002862.SZ,2017-12-25,13.03,13.03,12.41,12.51,12.98,-0.47000000000000064,-3.62,2284.47,6098.291
002862.SZ,2017-12-26,12.5,12.96,12.37,12.87,12.51,0.35999999999999943,2.88,4233.0,11439.364
002862.SZ,2017-12-27,12.89,13.07,12.78,12.9,12.87,0.030000000000001137,0.23,2390.47,6545.901
002862.SZ,2017-12-28,12.79,13.08,12.64,12.91,12.9,0.009999999999999787,0.08,2853.0,7828.259
002862.SZ,2017-12-29,12.95,13.59,12.86,13.4,12.91,0.4900000000000002,3.8,4268.0,11936.212
002862.SZ,2018-01-02,13.62,13.62,13.18,13.26,13.4,-0.14000000000000057,-1.04,3994.0,11238.771
002862.SZ,2018-01-03,13.32,13.32,13.05,13.27,13.26,0.009999999999999787,0.08,2708.0,7559.968
002862.SZ,2018-01-04,13.15,13.3,13.08,13.21,13.27,-0.05999999999999872,-0.45,2055.0,5739.641
002862.SZ,2018-01-05,13.13,14.51,13.13,13.49,13.21,0.27999999999999936,2.12,6215.01,17851.822
002862.SZ,2018-01-08,13.48,13.57,13.18,13.47,13.49,-0.019999999999999574,-0.15,3943.0,11175.386
002862.SZ,2018-01-09,13.47,13.82,13.36,13.54,13.47,0.06999999999999851,0.52,3493.0,10038.472
002862.SZ,2018-01-10,13.48,13.54,12.81,12.95,13.54,-0.5899999999999999,-4.36,4870.17,13502.778
002862.SZ,2018-01-11,12.96,13.2,12.84,13.15,12.95,0.20000000000000107,1.54,3717.0,10319.597
002862.SZ,2018-01-12,13.15,13.2,13.0,13.12,13.15,-0.030000000000001137,-0.23,2668.0,7417.932
002862.SZ,2018-01-15,13.01,13.12,12.32,12.68,13.12,-0.4399999999999995,-3.35,4460.0,11973.757
002862.SZ,2018-01-16,12.54,13.15,12.36,12.83,12.68,0.15000000000000036,1.18,3376.17,9171.714
002862.SZ,2018-01-17,12.83,13.19,12.64,13.1,12.83,0.2699999999999996,2.1,4251.0,11649.665
002862.SZ,2018-01-18,13.11,13.2,12.97,13.11,13.1,0.009999999999999787,0.08,2952.0,8181.625
002862.SZ,2018-01-19,13.09,13.31,12.78,12.93,13.11,-0.17999999999999972,-1.37,3229.35,8973.663
002862.SZ,2018-01-22,12.84,12.97,12.62,12.81,12.93,-0.11999999999999922,-0.93,3106.0,8393.073
002862.SZ,2018-01-23,12.88,13.0,12.68,12.82,12.81,0.009999999999999787,0.08,3112.0,8443.75
002862.SZ,2018-01-24,12.93,13.08,12.78,13.02,12.82,0.1999999999999993,1.56,5434.17,14936.351
002862.SZ,2018-01-25,12.93,13.47,12.93,13.35,13.02,0.33000000000000007,2.53,11261.01,31867.788
002862.SZ,2018-01-26,13.14,13.52,12.88,13.39,13.35,0.040000000000000924,0.3,6705.84,19044.939
002862.SZ,2018-01-29,13.4,13.65,13.33,13.48,13.39,0.08999999999999986,0.67,6351.0,18200.639
002862.SZ,2018-01-30,13.42,13.5,13.33,13.45,13.48,-0.030000000000001137,-0.22,3008.0,8569.968
002862.SZ,2018-01-31,13.45,13.54,12.96,13.3,13.45,-0.14999999999999858,-1.12,3379.0,9434.003
002862.SZ,2018-02-01,13.21,13.25,12.27,13.03,13.3,-0.27000000000000135,-2.03,5039.17,13754.243
002862.SZ,2018-02-02,12.78,12.92,12.45,12.64,13.03,-0.3899999999999988,-2.99,1121.17,3017.832
002862.SZ,2018-02-05,12.44,12.8,12.41,12.64,12.64,0.0,0.0,1285.0,3412.425
002862.SZ,2018-02-06,12.38,12.62,11.47,12.22,12.64,-0.41999999999999993,-3.32,2901.47,7446.541
002862.SZ,2018-02-07,11.95,12.36,11.62,12.2,12.22,-0.02000000000000135,-0.16,1988.0,5075.873
002862.SZ,2018-02-08,12.19,12.42,11.98,12.41,12.2,0.21000000000000085,1.72,2402.86,6273.569
002862.SZ,2018-02-09,12.29,12.65,12.03,12.6,12.41,0.1899999999999995,1.53,3465.16,9158.828
002862.SZ,2018-02-12,12.57,12.91,12.49,12.88,12.6,0.28000000000000114,2.22,1907.0,5147.948
002862.SZ,2018-02-13,12.9,13.2,12.73,13.15,12.88,0.2699999999999996,2.1,2732.0,7574.238
002862.SZ,2018-02-14,13.01,13.54,13.01,13.17,13.15,0.019999999999999574,0.15,1622.0,4521.639
002862.SZ,2018-02-22,13.4,13.68,13.2,13.62,13.17,0.4499999999999993,3.42,8336.0,23918.603
002862.SZ,2018-02-23,13.46,13.58,13.3,13.45,13.62,-0.16999999999999993,-1.25,2973.0,8440.438
002862.SZ,2018-02-26,13.45,13.95,13.45,13.94,13.45,0.4900000000000002,3.64,5652.0,16591.046
002862.SZ,2018-02-27,13.94,14.13,13.73,13.92,13.94,-0.019999999999999574,-0.14,5687.86,16848.99
002862.SZ,2018-02-28,13.91,14.15,13.62,13.78,13.92,-0.14000000000000057,-1.01,10930.17,32393.337
002862.SZ,2018-03-01,13.85,14.15,13.6,13.78,13.78,0.0,0.0,23301.17,68928.653
002862.SZ,2018-03-02,13.66,13.98,13.66,13.92,13.78,0.14000000000000057,1.02,22451.0,66239.745
002862.SZ,2018-03-05,13.92,15.26,13.86,14.51,13.92,0.5899999999999999,4.24,20448.0,62309.03
002862.SZ,2018-03-06,14.51,15.8,14.29,15.73,14.51,1.2200000000000006,8.41,45484.85,145121.893
002862.SZ,2018-03-07,15.94,15.94,14.16,14.22,15.73,-1.5099999999999998,-9.6,51659.98,156371.818
002862.SZ,2018-03-08,13.65,13.9,13.4,13.53,14.22,-0.6900000000000013,-4.85,26190.0,75278.119
002862.SZ,2018-03-09,13.45,13.67,13.26,13.48,13.53,-0.049999999999998934,-0.37,17374.98,49435.67
002862.SZ,2018-03-12,13.53,14.04,13.48,13.75,13.48,0.2699999999999996,2.0,15954.15,46250.168
002862.SZ,2018-03-13,13.59,13.78,13.54,13.67,13.75,-0.08000000000000007,-0.58,12384.0,35828.183
002862.SZ,2018-03-14,13.6,13.67,13.25,13.32,13.67,-0.34999999999999964,-2.56,10438.0,29756.723
002862.SZ,2018-03-15,13.21,13.21,12.6,12.84,13.32,-0.4800000000000004,-3.6,10145.0,27724.226
002862.SZ,2018-03-16,12.84,12.99,12.74,12.78,12.84,-0.0600000000000005,-0.47,4653.15,12721.568
002862.SZ,2018-03-19,12.78,13.19,12.78,13.04,12.78,0.2599999999999998,2.03,7028.11,19465.966
002862.SZ,2018-03-20,12.98,13.36,12.98,13.28,13.04,0.2400000000000002,1.84,8806.0,24733.68
002862.SZ,2018-03-21,13.4,13.68,13.39,13.41,13.28,0.13000000000000078,0.98,14099.0,40376.641
002862.SZ,2018-03-22,13.45,13.9,13.45,13.89,13.41,0.4800000000000004,3.58,14822.0,43047.116
002862.SZ,2018-03-23,13.53,13.63,12.51,13.49,13.89,-0.40000000000000036,-2.88,15325.0,42315.3
002862.SZ,2018-03-26,12.14,12.54,12.14,12.44,13.49,-1.0500000000000007,-7.78,18418.0,47859.626
002862.SZ,2018-03-27,12.44,12.73,12.27,12.53,12.44,0.08999999999999986,0.72,18567.0,49219.248
002862.SZ,2018-03-28,12.4,12.57,12.11,12.12,12.53,-0.41000000000000014,-3.27,11502.0,30108.326
002862.SZ,2018-03-29,12.26,12.43,12.17,12.37,12.12,0.25,2.06,7986.0,20845.003
002862.SZ,2018-03-30,12.53,12.88,12.41,12.56,12.37,0.19000000000000128,1.54,13025.38,34822.388
002862.SZ,2018-04-02,12.48,12.69,12.44,12.56,12.56,0.0,0.0,10764.0,28564.085
002862.SZ,2018-04-03,12.44,12.53,12.3,12.41,12.56,-0.15000000000000036,-1.19,8139.0,21419.732
002862.SZ,2018-04-04,12.55,12.62,12.41,12.45,12.41,0.03999999999999915,0.32,8731.0,23160.366
002862.SZ,2018-04-09,12.34,12.57,12.2,12.53,12.45,0.08000000000000007,0.64,8312.99,21935.686
002862.SZ,2018-04-10,12.5,12.62,12.24,12.39,12.53,-0.1399999999999988,-1.12,7736.0,20377.915
002862.SZ,2018-04-11,12.34,12.72,12.34,12.67,12.39,0.27999999999999936,2.26,10789.1,28791.574
002862.SZ,2018-04-12,12.7,13.13,12.55,13.12,12.67,0.4499999999999993,3.55,18622.72,50861.51
002862.SZ,2018-04-13,12.79,13.12,12.62,13.03,13.12,-0.08999999999999986,-0.69,15415.73,41912.498
002862.SZ,2018-04-16,13.07,13.07,12.7,12.74,13.03,-0.28999999999999915,-2.23,6433.73,17464.571
002862.SZ,2018-04-17,12.61,12.89,12.0,12.12,12.74,-0.620000000000001,-4.87,7521.0,19716.644
002862.SZ,2018-04-18,12.27,12.3,11.7,12.03,12.12,-0.08999999999999986,-0.74,6005.0,15208.6
002862.SZ,2018-04-19,12.05,12.14,11.95,11.99,12.03,-0.03999999999999915,-0.33,3979.0,10140.088
002862.SZ,2018-04-20,12.0,12.0,11.51,11.6,11.99,-0.39000000000000057,-3.25,4329.0,10754.2
002862.SZ,2018-04-23,11.6,11.7,11.51,11.63,11.6,0.030000000000001137,0.26,2383.0,5864.807
002862.SZ,2018-04-24,11.75,12.03,11.66,11.96,11.63,0.33000000000000007,2.84,4038.0,10197.885
002862.SZ,2018-04-25,11.88,12.1,11.85,11.98,11.96,0.019999999999999574,0.17,3305.0,8396.972
002862.SZ,2018-04-26,11.81,12.03,11.61,11.67,11.98,-0.3100000000000005,-2.59,3027.0,7567.665
002862.SZ,2018-04-27,11.62,11.76,11.52,11.61,11.67,-0.0600000000000005,-0.51,2346.0,5786.969
002862.SZ,2018-05-02,11.63,11.73,11.17,11.23,11.61,-0.379999999999999,-3.27,4406.0,10621.099
002862.SZ,2018-05-03,11.26,12.05,10.67,11.91,11.23,0.6799999999999997,6.06,8284.0,20298.218
002862.SZ,2018-05-04,11.66,11.77,11.5,11.5,11.91,-0.41000000000000014,-3.44,4325.0,10680.342
002862.SZ,2018-05-07,11.5,11.83,11.5,11.71,11.5,0.21000000000000085,1.83,3287.84,8153.803
002862.SZ,2018-05-08,11.96,11.96,11.75,11.94,11.71,0.22999999999999865,1.96,4507.0,11350.19
002862.SZ,2018-05-09,11.91,12.22,11.88,11.99,11.94,0.05000000000000071,0.42,4776.0,12192.677
002862.SZ,2018-05-10,12.11,12.2,11.98,12.09,11.99,0.09999999999999964,0.83,3453.73,8847.686
002862.SZ,2018-05-11,12.09,12.4,11.83,11.93,12.09,-0.16000000000000014,-1.32,5917.0,15230.598
002862.SZ,2018-05-14,11.93,12.06,10.85,11.68,11.93,-0.25,-2.1,3983.0,9957.956
002862.SZ,2018-05-15,11.73,12.04,11.73,11.98,11.68,0.3000000000000007,2.57,3567.0,9005.806
002862.SZ,2018-05-16,11.98,12.09,11.85,11.9,11.98,-0.08000000000000007,-0.67,3283.0,8321.776
002862.SZ,2018-05-17,11.97,11.97,11.85,11.9,11.9,0.0,0.0,3234.0,8149.416
002862.SZ,2018-05-18,11.93,11.97,11.78,11.9,11.9,0.0,0.0,4898.0,12323.211
002862.SZ,2018-05-21,11.9,12.25,11.9,12.23,11.9,0.33000000000000007,2.77,5274.67,13551.392
002862.SZ,2018-05-22,12.44,12.81,12.44,12.68,12.23,0.4499999999999993,3.68,12133.67,32506.235
002862.SZ,2018-05-23,12.45,12.64,12.3,12.42,12.68,-0.2599999999999998,-2.05,6948.4,18292.466
002862.SZ,2018-05-24,12.32,12.44,12.28,12.28,12.42,-0.14000000000000057,-1.13,4585.0,11993.965
002862.SZ,2018-05-25,12.25,12.45,12.08,12.39,12.28,0.11000000000000121,0.9,4994.0,12974.567
002862.SZ,2018-05-28,12.18,12.48,12.18,12.44,12.39,0.049999999999998934,0.4,5364.0,14019.378
002862.SZ,2018-05-29,12.45,12.86,12.3,12.45,12.44,0.009999999999999787,0.08,7262.02,19377.342
002862.SZ,2018-05-30,12.17,12.17,11.27,11.41,12.45,-1.0399999999999991,-8.35,7155.0,17766.587
002862.SZ,2018-05-31,11.73,11.73,11.46,11.65,11.41,0.2400000000000002,2.1,3538.73,8707.356
002862.SZ,2018-06-01,11.73,12.03,11.53,11.57,11.65,-0.08000000000000007,-0.69,5149.58,12834.246
002862.SZ,2018-06-04,11.63,11.77,11.26,11.38,11.57,-0.1899999999999995,-1.64,5364.0,12963.447
002862.SZ,2018-06-05,11.38,11.7,11.32,11.61,11.38,0.22999999999999865,2.02,7856.0,19128.942
002862.SZ,2018-06-06,11.72,11.79,11.57,11.79,11.61,0.17999999999999972,1.55,6855.84,17015.809
002862.SZ,2018-06-07,11.79,11.83,11.45,11.51,11.79,-0.27999999999999936,-2.37,5235.0,12876.338
002862.SZ,2018-06-08,11.46,11.49,11.16,11.32,11.51,-0.1899999999999995,-1.65,5441.0,13043.588
002862.SZ,2018-06-11,11.21,11.56,11.18,11.21,11.32,-0.10999999999999943,-0.97,4721.0,11345.366
002862.SZ,2018-06-12,11.31,11.31,10.94,11.22,11.21,0.009999999999999787,0.09,4593.0,10846.215
002862.SZ,2018-06-13,11.23,11.23,10.75,10.75,11.23,-0.4800000000000004,-4.27,5945.0,13749.139
002862.SZ,2018-06-14,10.57,10.91,10.56,10.79,10.75,0.03999999999999915,0.37,2550.0,5819.543
002862.SZ,2018-06-15,10.75,10.88,10.12,10.12,10.79,-0.6699999999999999,-6.21,6363.85,14032.95
002862.SZ,2018-06-19,9.94,9.94,9.1,9.1,10.12,-1.0199999999999996,-10.08,6276.0,12568.67
002862.SZ,2018-06-20,9.08,9.55,8.94,9.35,9.1,0.25,2.75,4958.0,9745.099
002862.SZ,2018-06-21,9.44,9.69,9.03,9.62,9.35,0.2699999999999996,2.89,7214.58,14287.168
002862.SZ,2018-06-22,9.46,10.14,9.32,10.0,9.62,0.3800000000000008,3.95,10842.97,22635.367
002862.SZ,2018-06-25,9.91,10.08,9.69,9.7,10.0,-0.3000000000000007,-3.0,5143.0,10668.552
002862.SZ,2018-06-26,9.73,9.91,9.48,9.79,9.7,0.08999999999999986,0.93,3136.0,6457.133
002862.SZ,2018-06-27,9.73,9.84,9.7,9.71,9.79,-0.0799999999999983,-0.82,2919.0,6038.303
002862.SZ,2018-06-28,9.76,9.82,9.5,9.5,9.71,-0.21000000000000085,-2.16,3287.97,6750.755
002862.SZ,2018-06-29,9.55,9.93,9.51,9.79,9.5,0.28999999999999915,3.05,3622.82,7448.588
002862.SZ,2018-07-02,9.79,9.91,9.49,9.63,9.79,-0.15999999999999837,-1.63,3063.0,6270.359
002862.SZ,2018-07-03,9.51,9.89,9.49,9.82,9.63,0.1899999999999995,1.97,4057.0,8364.134
002862.SZ,2018-07-04,9.72,9.83,9.39,9.46,9.82,-0.35999999999999943,-3.67,4622.83,9334.509
002862.SZ,2018-07-05,9.39,9.56,9.07,9.17,9.46,-0.2900000000000009,-3.07,3416.0,6751.465
002862.SZ,2018-07-06,9.22,9.39,9.01,9.28,9.17,0.10999999999999943,1.2,3895.0,7572.678
002862.SZ,2018-07-09,9.31,9.5,9.31,9.46,9.28,0.1800000000000015,1.94,1956.0,3901.252
002862.SZ,2018-07-10,9.46,9.61,9.37,9.55,9.46,0.08999999999999986,0.95,3226.83,6471.211
002862.SZ,2018-07-11,9.53,9.53,9.08,9.18,9.55,-0.370000000000001,-3.87,2925.85,5730.842
002862.SZ,2018-07-12,9.42,9.56,9.24,9.48,9.18,0.3000000000000007,3.27,3690.0,7361.96
002862.SZ,2018-07-13,9.54,9.63,9.45,9.53,9.48,0.049999999999998934,0.53,3390.0,6828.694
002862.SZ,2018-07-16,9.47,9.6,9.44,9.52,9.53,-0.009999999999999787,-0.1,1950.0,3913.835
002862.SZ,2018-07-17,9.52,9.53,9.23,9.5,9.52,-0.019999999999999574,-0.21,2564.0,5098.749
002862.SZ,2018-07-18,9.51,9.68,9.4,9.41,9.5,-0.08999999999999986,-0.95,5175.0,10411.623
002862.SZ,2018-07-19,9.49,9.49,9.09,9.18,9.41,-0.23000000000000043,-2.44,4902.0,9561.622
002862.SZ,2018-07-20,9.17,9.46,9.14,9.37,9.18,0.1899999999999995,2.07,3993.0,7810.129
002862.SZ,2018-07-23,9.38,9.46,9.29,9.4,9.37,0.030000000000001137,0.32,3227.0,6389.674
002862.SZ,2018-07-24,9.46,9.63,9.35,9.58,9.4,0.17999999999999972,1.91,3570.0,7209.843
002862.SZ,2018-07-25,9.61,9.75,9.53,9.6,9.58,0.019999999999999574,0.21,4881.0,9935.597
002862.SZ,2018-07-26,9.6,9.68,9.55,9.63,9.6,0.030000000000001137,0.31,4479.0,9104.664
002862.SZ,2018-07-27,9.74,9.75,9.55,9.6,9.63,-0.030000000000001137,-0.31,3440.0,7020.158
002862.SZ,2018-07-30,9.55,9.63,9.32,9.36,9.6,-0.2400000000000002,-2.5,2634.0,5277.989
002862.SZ,2018-07-31,9.91,10.3,9.91,10.3,9.36,0.9400000000000013,10.04,30922.09,67095.529
002862.SZ,2018-08-01,9.61,10.35,9.61,10.32,10.3,0.019999999999999574,0.19,33390.06,71111.797
002862.SZ,2018-08-02,9.98,10.24,9.73,10.1,10.32,-0.22000000000000064,-2.13,18522.15,39142.103
002862.SZ,2018-08-03,10.0,10.32,9.62,9.67,10.1,-0.4299999999999997,-4.26,14454.0,30051.173
002862.SZ,2018-08-06,9.66,9.66,8.7,8.7,9.67,-0.9700000000000006,-10.03,19152.36,36253.559
002862.SZ,2018-08-07,8.7,8.82,8.36,8.77,8.7,0.07000000000000028,0.8,11941.31,21835.57
002862.SZ,2018-08-08,8.75,8.78,8.44,8.49,8.77,-0.27999999999999936,-3.19,8657.67,15740.612
002862.SZ,2018-08-09,8.49,8.74,8.33,8.68,8.49,0.1899999999999995,2.24,6825.0,12487.41
002862.SZ,2018-08-10,8.61,8.94,8.57,8.82,8.68,0.14000000000000057,1.61,5240.0,9712.532
002862.SZ,2018-08-13,8.75,8.86,8.56,8.82,8.82,0.0,0.0,4213.28,7789.479
002862.SZ,2018-08-14,8.8,9.35,8.8,8.99,8.82,0.16999999999999993,1.93,7678.24,14704.749
002862.SZ,2018-08-15,8.9,8.95,8.54,8.68,8.99,-0.3100000000000005,-3.45,5387.0,9970.436
002862.SZ,2018-08-16,8.6,9.08,8.35,8.91,8.67,0.2400000000000002,2.77,12652.0,23825.34
002862.SZ,2018-08-17,9.08,9.44,8.93,9.04,8.91,0.129999999999999,1.46,13904.0,26812.322
002862.SZ,2018-08-20,8.83,8.96,8.46,8.83,9.04,-0.20999999999999908,-2.32,7539.0,13903.791
002862.SZ,2018-08-21,8.8,8.9,8.61,8.8,8.83,-0.02999999999999936,-0.34,4011.0,7421.848
002862.SZ,2018-08-22,8.78,8.78,8.53,8.61,8.8,-0.19000000000000128,-2.16,2724.18,4982.855
002862.SZ,2018-08-23,8.57,8.7,8.57,8.63,8.61,0.02000000000000135,0.23,2109.18,3854.2
002862.SZ,2018-08-24,8.67,8.7,8.59,8.63,8.63,0.0,0.0,2565.18,4682.743
002862.SZ,2018-08-27,8.63,8.83,8.63,8.77,8.63,0.1399999999999988,1.62,3906.0,7195.852
002862.SZ,2018-08-28,8.77,8.8,8.69,8.74,8.78,-0.03999999999999915,-0.46,2600.67,4804.896
002862.SZ,2018-08-29,8.74,8.75,8.66,8.67,8.74,-0.07000000000000028,-0.8,1914.67,3518.355
002862.SZ,2018-08-30,8.68,8.74,8.56,8.56,8.67,-0.10999999999999943,-1.27,2579.0,4726.102
002862.SZ,2018-08-31,8.6,8.65,8.31,8.31,8.56,-0.25,-2.92,5100.28,9091.239
002862.SZ,2018-09-03,8.3,8.39,7.84,8.06,8.31,-0.25,-3.01,4734.0,8038.464
002862.SZ,2018-09-04,8.09,8.16,8.0,8.1,8.06,0.03999999999999915,0.5,5333.0,9104.163
002862.SZ,2018-09-05,8.09,8.13,7.85,7.99,8.1,-0.10999999999999943,-1.36,4389.0,7473.05
002862.SZ,2018-09-06,8.03,8.12,7.9,7.93,7.99,-0.0600000000000005,-0.75,6096.73,10291.833
002862.SZ,2018-09-07,7.93,8.03,7.86,7.94,7.93,0.010000000000000675,0.13,5907.66,9929.502
002862.SZ,2018-09-10,7.96,7.99,7.73,7.75,7.94,-0.1900000000000004,-2.39,4691.0,7786.71
002862.SZ,2018-09-11,8.03,8.04,7.67,7.83,7.75,0.08000000000000007,1.03,9154.0,15184.168
002862.SZ,2018-09-12,7.77,7.88,7.67,7.76,7.83,-0.07000000000000028,-0.89,5133.0,8420.964
002862.SZ,2018-09-13,7.82,7.86,7.69,7.77,7.76,0.009999999999999787,0.13,8323.0,13668.302
002862.SZ,2018-09-14,7.79,7.85,7.73,7.76,7.77,-0.009999999999999787,-0.13,5591.0,9210.152
002862.SZ,2018-09-17,7.78,7.78,7.58,7.76,7.76,0.0,0.0,6702.0,10861.517
002862.SZ,2018-09-18,7.69,7.81,7.65,7.79,7.76,0.03000000000000025,0.39,5878.0,9610.125
002862.SZ,2018-09-19,7.78,7.92,7.73,7.86,7.79,0.07000000000000028,0.9,6962.0,11561.297
002862.SZ,2018-09-20,7.86,7.89,7.8,7.81,7.86,-0.05000000000000071,-0.64,3812.0,6315.735
002862.SZ,2018-09-21,7.78,7.93,7.78,7.89,7.81,0.08000000000000007,1.02,13537.0,22473.764
002862.SZ,2018-09-25,7.87,7.94,7.81,7.89,7.89,0.0,0.0,5825.0,9702.05
002862.SZ,2018-09-26,7.9,7.96,7.86,7.9,7.89,0.010000000000000675,0.13,6583.0,11003.68
002862.SZ,2018-09-27,7.91,7.91,7.62,7.66,7.9,-0.2400000000000002,-3.04,4109.0,6766.355
002862.SZ,2018-09-28,7.66,7.75,7.66,7.7,7.66,0.040000000000000036,0.52,4276.0,6953.596
002862.SZ,2018-10-08,7.57,7.61,7.35,7.36,7.7,-0.33999999999999986,-4.42,4934.0,7789.787
002862.SZ,2018-10-09,7.36,7.47,7.34,7.37,7.36,0.009999999999999787,0.14,5947.0,9293.681
002862.SZ,2018-10-10,7.38,7.55,7.37,7.54,7.37,0.16999999999999993,2.31,10445.0,16517.236
002862.SZ,2018-10-11,7.36,7.38,6.86,6.91,7.54,-0.6299999999999999,-8.36,9221.0,13972.793
002862.SZ,2018-10-12,6.93,7.6,6.7,7.59,6.91,0.6799999999999997,9.84,72145.1,111018.08
002862.SZ,2018-10-15,7.57,8.36,7.43,8.36,7.59,0.7699999999999996,10.14,89284.18,147251.685
002862.SZ,2018-10-16,8.23,8.77,8.1,8.19,8.36,-0.16999999999999993,-2.03,106469.18,189327.98
002862.SZ,2018-10-17,7.85,8.46,7.85,8.28,8.19,0.08999999999999986,1.1,70837.0,122325.55
002862.SZ,2018-10-18,8.08,9.11,7.85,9.11,8.28,0.8300000000000001,10.02,109866.26,197416.386
002862.SZ,2018-10-19,8.52,9.68,8.23,9.06,9.11,-0.049999999999998934,-0.55,110054.54,206177.666
002862.SZ,2018-10-22,9.04,9.77,8.71,9.43,9.06,0.3699999999999992,4.08,98408.54,191308.143
002862.SZ,2018-10-23,9.09,9.09,8.52,8.54,9.43,-0.8900000000000006,-9.44,77546.97,144273.541
002862.SZ,2018-10-24,8.37,8.79,8.29,8.55,8.54,0.010000000000001563,0.12,53247.97,96257.523
002862.SZ,2018-10-25,8.17,8.48,8.07,8.45,8.55,-0.10000000000000142,-1.17,41076.7,71918.845
002862.SZ,2018-10-26,8.52,8.6,8.19,8.26,8.45,-0.1899999999999995,-2.25,28953.91,51162.584
002862.SZ,2018-10-29,8.16,9.09,7.67,9.09,8.26,0.8300000000000001,10.05,86982.91,157207.753
002862.SZ,2018-10-30,9.01,9.61,8.9,9.22,9.09,0.13000000000000078,1.43,103385.17,200488.721
002862.SZ,2018-10-31,8.99,9.32,8.85,9.13,9.22,-0.08999999999999986,-0.98,72113.26,139131.511
002862.SZ,2018-11-01,8.95,9.9,8.86,9.46,9.13,0.33000000000000007,3.61,92397.95,181299.104
002862.SZ,2018-11-02,9.3,10.41,9.17,10.41,9.46,0.9499999999999993,10.04,108719.16,222677.646
002862.SZ,2018-11-05,10.41,11.45,10.05,11.45,10.41,1.0399999999999991,9.99,119305.22,270009.614
002862.SZ,2018-11-06,11.64,12.54,10.87,11.66,11.45,0.21000000000000085,1.83,126886.29,311623.829
002862.SZ,2018-11-07,11.36,11.5,10.74,10.81,11.66,-0.8499999999999996,-7.29,95616.32,224107.464
002862.SZ,2018-11-08,10.81,11.71,10.34,11.37,10.81,0.5599999999999987,5.18,107704.6,248902.6
002862.SZ,2018-11-09,10.88,10.88,10.23,10.23,11.37,-1.1399999999999988,-10.03,47982.0,106701.995
002862.SZ,2018-11-12,9.7,10.32,9.56,10.09,10.23,-0.14000000000000057,-1.37,67151.6,141059.159
002862.SZ,2018-11-13,9.93,10.24,9.78,10.14,10.09,0.05000000000000071,0.5,61872.94,131791.521
002862.SZ,2018-11-14,10.05,10.29,9.89,9.94,10.14,-0.20000000000000107,-1.97,45368.0,96341.968
002862.SZ,2018-11-15,9.94,10.34,9.94,10.26,9.94,0.3200000000000003,3.22,52423.59,112867.588
002862.SZ,2018-11-16,10.23,10.62,10.12,10.48,10.26,0.22000000000000064,2.14,62289.96,137109.267
002862.SZ,2018-11-19,10.34,10.54,9.78,10.15,10.48,-0.33000000000000007,-3.15,47154.0,101707.368
002862.SZ,2018-11-20,10.01,10.28,9.89,9.97,10.15,-0.17999999999999972,-1.77,30808.0,65448.874
002862.SZ,2018-11-21,9.9,9.9,9.57,9.8,9.97,-0.16999999999999993,-1.71,23138.0,47608.686
002862.SZ,2018-11-22,9.89,9.9,9.58,9.66,9.8,-0.14000000000000057,-1.43,22621.3,46385.828
002862.SZ,2018-11-23,9.63,9.66,8.79,9.08,9.66,-0.5800000000000001,-6.0,30949.46,59900.146
002862.SZ,2018-11-26,9.01,9.87,8.79,9.82,9.08,0.7400000000000002,8.15,48233.71,96509.367
002862.SZ,2018-11-27,9.61,9.79,9.42,9.56,9.82,-0.2599999999999998,-2.65,34333.93,69654.063
002862.SZ,2018-11-28,9.46,9.53,9.09,9.35,9.56,-0.21000000000000085,-2.2,19952.0,39361.392
002862.SZ,2018-11-29,9.37,9.63,9.08,9.08,9.35,-0.2699999999999996,-2.89,17852.0,35275.973
002862.SZ,2018-11-30,9.0,9.14,8.83,9.02,9.08,-0.0600000000000005,-0.66,19817.0,37547.027
002862.SZ,2018-12-03,9.3,9.44,9.16,9.23,9.02,0.21000000000000085,2.33,21297.69,41913.363
002862.SZ,2018-12-04,9.23,9.44,9.18,9.38,9.23,0.15000000000000036,1.63,19879.98,39029.972
002862.SZ,2018-12-05,9.2,9.23,9.04,9.05,9.38,-0.33000000000000007,-3.52,17987.0,34649.791
002862.SZ,2018-12-06,9.09,9.15,8.91,8.92,9.05,-0.13000000000000078,-1.44,12619.0,23989.643
002862.SZ,2018-12-07,8.94,9.13,8.9,9.05,8.92,0.13000000000000078,1.46,10617.0,20189.354
002862.SZ,2018-12-10,8.85,9.05,8.85,8.9,9.05,-0.15000000000000036,-1.66,8127.0,15363.778
002862.SZ,2018-12-11,8.96,9.79,8.62,9.79,8.9,0.8899999999999988,10.0,49436.32,98706.487
002862.SZ,2018-12-12,9.86,10.36,9.78,10.15,9.79,0.3600000000000012,3.68,82184.23,174895.791
002862.SZ,2018-12-13,10.0,10.05,9.79,9.9,10.15,-0.25,-2.46,42748.7,89607.334
002862.SZ,2018-12-14,9.86,10.02,9.35,9.45,9.9,-0.45000000000000107,-4.55,35698.69,73221.388
002862.SZ,2018-12-17,9.56,10.4,9.16,10.4,9.45,0.9500000000000011,10.05,65735.92,138894.358
002862.SZ,2018-12-18,10.5,11.07,10.23,10.61,10.4,0.20999999999999908,2.02,95223.33,212315.24
002862.SZ,2018-12-19,10.55,11.67,10.25,11.67,10.61,1.0600000000000005,9.99,109239.85,250728.129
002862.SZ,2018-12-20,11.26,11.69,11.12,11.28,11.67,-0.39000000000000057,-3.34,88977.56,212627.536
002862.SZ,2018-12-21,11.4,11.51,11.15,11.18,11.28,-0.09999999999999964,-0.89,75243.62,179924.379
002862.SZ,2018-12-24,11.17,11.19,10.5,10.63,11.18,-0.5499999999999989,-4.92,68185.63,155448.751
002862.SZ,2018-12-25,10.5,11.13,10.29,10.82,10.63,0.1899999999999995,1.79,90182.43,206214.944
002862.SZ,2018-12-26,10.83,11.03,10.52,10.61,10.82,-0.21000000000000085,-1.94,70800.62,161319.972
002862.SZ,2018-12-27,10.69,10.88,9.61,9.79,10.61,-0.8200000000000003,-7.73,56971.01,125461.356
002862.SZ,2018-12-28,9.93,10.54,9.93,10.08,9.79,0.2900000000000009,2.96,48996.2,106047.666
002862.SZ,2019-01-02,10.32,11.09,10.13,11.09,10.08,1.0099999999999998,10.02,64446.66,144538.995
002862.SZ,2019-01-03,11.05,11.45,10.89,10.99,11.09,-0.09999999999999964,-0.9,108227.82,255473.118
002862.SZ,2019-01-04,10.74,11.2,10.66,10.96,10.99,-0.02999999999999936,-0.27,72352.62,167503.355
002862.SZ,2019-01-07,10.93,11.29,10.75,11.11,10.96,0.14999999999999858,1.37,69249.01,161221.789
002862.SZ,2019-01-08,11.03,11.03,10.33,10.57,11.11,-0.5399999999999991,-4.86,56589.33,126691.65
002862.SZ,2019-01-09,10.41,10.65,10.19,10.32,10.57,-0.25,-2.37,42884.28,94244.565
002862.SZ,2019-01-10,10.3,10.59,10.13,10.5,10.32,0.17999999999999972,1.74,40186.08,88284.873
002862.SZ,2019-01-11,10.36,10.5,10.17,10.18,10.5,-0.3200000000000003,-3.05,31198.33,67680.227
002862.SZ,2019-01-14,10.22,10.76,10.14,10.61,10.18,0.4299999999999997,4.22,47062.33,104646.637
002862.SZ,2019-01-15,10.55,10.58,10.26,10.42,10.61,-0.1899999999999995,-1.79,30374.01,66732.795
002862.SZ,2019-01-16,10.36,10.54,10.22,10.24,10.42,-0.17999999999999972,-1.73,21314.0,46579.384
002862.SZ,2019-01-17,10.22,10.39,9.84,9.91,10.24,-0.33000000000000007,-3.22,26270.0,56201.603
002862.SZ,2019-01-18,9.79,10.87,9.47,10.66,9.91,0.75,7.57,69072.94,151059.757
002862.SZ,2019-01-21,10.45,10.46,10.1,10.12,10.66,-0.5400000000000009,-5.07,45904.0,99230.504
002862.SZ,2019-01-22,10.03,10.88,9.85,10.49,10.12,0.370000000000001,3.66,68352.8,151885.023
002862.SZ,2019-01-23,10.4,10.59,10.1,10.24,10.49,-0.25,-2.38,42618.2,92852.103
002862.SZ,2019-01-24,10.21,10.44,10.08,10.14,10.24,-0.09999999999999964,-0.98,29694.2,64136.404
002862.SZ,2019-01-25,10.06,10.2,9.63,9.64,10.14,-0.5,-4.93,33131.0,69191.986
002862.SZ,2019-01-28,9.69,9.99,9.55,9.82,9.64,0.17999999999999972,1.87,25561.94,52957.091
002862.SZ,2019-01-29,9.7,9.79,9.0,9.18,9.82,-0.6400000000000006,-6.52,24997.81,49330.308
002862.SZ,2019-01-30,9.09,9.32,8.89,8.91,9.18,-0.2699999999999996,-2.94,15542.2,29895.803
002862.SZ,2019-01-31,8.85,9.03,8.03,8.03,8.91,-0.8800000000000008,-9.88,30209.0,53166.35
002862.SZ,2019-02-01,8.1,8.45,8.1,8.37,8.03,0.33999999999999986,4.23,22836.01,40138.148
002862.SZ,2019-02-11,8.56,8.71,8.42,8.63,8.37,0.26000000000000156,3.11,15668.0,28373.381
002862.SZ,2019-02-12,8.79,8.95,8.63,8.83,8.63,0.1999999999999993,2.32,24512.0,45726.868
002862.SZ,2019-02-13,8.9,8.94,8.75,8.9,8.83,0.07000000000000028,0.79,20523.0,38436.114
002862.SZ,2019-02-14,8.89,9.13,8.77,8.95,8.9,0.049999999999998934,0.56,22286.0,42125.763
002862.SZ,2019-02-15,8.91,9.78,8.84,9.26,8.95,0.3100000000000005,3.46,33793.0,66268.568
002862.SZ,2019-02-18,9.09,10.19,9.05,10.19,9.26,0.9299999999999997,10.04,58326.0,118835.913
002862.SZ,2019-02-19,10.19,11.2,10.12,11.2,10.19,1.0099999999999998,9.91,98177.4,221032.31
002862.SZ,2019-02-20,11.2,12.33,11.0,12.33,11.2,1.1300000000000008,10.09,130467.68,320151.242
002862.SZ,2019-02-21,12.05,13.25,11.64,12.54,12.33,0.20999999999999908,1.7,143490.46,372267.916
002862.SZ,2019-02-22,12.26,12.86,11.9,12.52,12.54,-0.019999999999999574,-0.16,120036.62,314824.551
002862.SZ,2019-02-25,12.3,13.49,12.17,13.2,12.52,0.6799999999999997,5.43,127549.82,341265.512
002862.SZ,2019-02-26,13.34,13.34,11.97,12.0,13.2,-1.1999999999999993,-9.09,96967.01,254427.02
002862.SZ,2019-02-27,11.64,11.71,10.89,11.02,12.0,-0.9800000000000004,-8.17,74388.96,178255.872
002862.SZ,2019-02-28,11.2,11.34,11.04,11.12,11.02,0.09999999999999964,0.91,38658.16,91292.647
002862.SZ,2019-03-01,11.33,11.49,10.94,11.34,11.12,0.22000000000000064,1.98,42306.96,100480.25
002862.SZ,2019-03-04,11.42,12.08,11.26,11.51,11.34,0.16999999999999993,1.5,66297.63,163045.05
002862.SZ,2019-03-05,11.38,11.9,11.11,11.7,11.51,0.1899999999999995,1.65,63068.4,154190.353
002862.SZ,2019-03-06,11.7,12.18,11.41,11.99,11.7,0.2900000000000009,2.48,73969.35,184367.656
002862.SZ,2019-03-07,11.98,13.19,11.75,13.19,11.99,1.1999999999999993,10.01,105622.33,285077.147
002862.SZ,2019-03-08,13.19,14.51,13.01,14.51,13.19,1.3200000000000003,10.01,147387.84,432855.261
002862.SZ,2019-03-11,14.5,15.96,14.09,15.96,14.51,1.450000000000001,9.99,163319.29,511306.208
002862.SZ,2019-03-12,15.95,17.46,15.38,16.73,15.96,0.7699999999999996,4.82,155503.96,529569.895
002862.SZ,2019-03-13,16.69,16.94,15.06,15.19,16.73,-1.540000000000001,-9.21,132850.25,455392.078
002862.SZ,2019-03-14,15.05,15.49,14.51,14.51,15.19,-0.6799999999999997,-4.48,106082.85,332811.025
002862.SZ,2019-03-15,14.47,14.53,13.3,13.86,14.51,-0.6500000000000004,-4.48,98513.22,292065.132
002862.SZ,2019-03-18,13.72,14.94,13.2,14.61,13.86,0.75,5.41,92188.12,277019.675
002862.SZ,2019-03-19,14.34,14.53,13.86,14.1,14.61,-0.5099999999999998,-3.49,57821.33,172788.374
002862.SZ,2019-03-20,14.2,14.57,13.67,13.97,14.1,-0.129999999999999,-0.92,43599.88,130023.614
002862.SZ,2019-03-21,14.17,14.42,13.82,14.16,13.97,0.1899999999999995,1.36,51385.69,153642.85
002862.SZ,2019-03-22,14.11,15.57,13.97,15.33,14.16,1.17,8.26,92797.42,290345.023
002862.SZ,2019-03-25,14.81,15.98,14.67,14.69,15.33,-0.6400000000000006,-4.17,75798.9,246620.69
002862.SZ,2019-03-26,14.77,14.91,13.23,13.23,14.69,-1.459999999999999,-9.94,70059.42,200655.546
002862.SZ,2019-03-27,12.78,13.18,11.92,12.86,13.23,-0.370000000000001,-2.8,50007.77,134308.353
002862.SZ,2019-03-28,12.73,13.65,12.34,13.29,12.86,0.4299999999999997,3.34,54515.54,150781.513
002862.SZ,2019-03-29,13.01,13.29,12.44,13.11,13.29,-0.17999999999999972,-1.35,44398.74,121521.804
002862.SZ,2019-04-01,13.09,13.6,13.01,13.44,13.11,0.33000000000000007,2.52,45423.03,128645.225
002862.SZ,2019-04-02,13.52,14.51,13.39,14.04,13.44,0.5999999999999996,4.46,61677.51,181892.918
002862.SZ,2019-04-03,13.9,14.24,13.25,13.45,14.04,-0.5899999999999999,-4.2,55455.78,161051.68
002862.SZ,2019-04-04,13.27,13.53,12.91,12.95,13.45,-0.5,-3.72,41911.48,116387.713
002862.SZ,2019-04-08,13.16,13.23,12.6,13.19,12.95,0.2400000000000002,1.85,35184.48,96699.478
002862.SZ,2019-04-09,13.05,14.0,12.97,13.71,13.19,0.5200000000000014,3.94,56016.7,161134.764
002862.SZ,2019-04-10,13.44,13.6,13.01,13.11,13.71,-0.6000000000000014,-4.38,37983.5,106286.834
002862.SZ,2019-04-11,13.01,13.25,12.9,12.98,13.11,-0.129999999999999,-0.99,24295.51,67198.605
002862.SZ,2019-04-12,12.98,13.08,12.45,12.62,12.98,-0.3600000000000012,-2.77,21688.0,58512.075
002862.SZ,2019-04-15,12.7,12.99,12.47,12.5,12.62,-0.11999999999999922,-0.95,19045.23,51413.84
002862.SZ,2019-04-16,12.36,12.93,12.03,12.78,12.5,0.27999999999999936,2.24,22817.0,60779.109
002862.SZ,2019-04-17,12.68,13.01,12.68,12.82,12.78,0.040000000000000924,0.31,21108.0,57611.582
002862.SZ,2019-04-18,12.91,12.97,12.54,12.59,12.82,-0.23000000000000043,-1.79,20819.0,56300.899
002862.SZ,2019-04-19,12.55,12.89,12.49,12.78,12.59,0.1899999999999995,1.51,18538.5,50107.448
002862.SZ,2019-04-22,12.81,13.0,12.55,12.66,12.78,-0.11999999999999922,-0.94,18897.0,51049.487
002862.SZ,2019-04-23,12.63,12.67,12.22,12.59,12.66,-0.07000000000000028,-0.55,19235.57,50380.363
002862.SZ,2019-04-24,12.52,13.5,12.34,13.02,12.59,0.4299999999999997,3.42,38204.67,104602.831
002862.SZ,2019-04-25,12.78,13.37,12.45,12.78,13.02,-0.2400000000000002,-1.84,40462.74,111536.383
002862.SZ,2019-04-26,12.54,12.87,11.55,11.76,12.78,-1.0199999999999996,-7.98,28010.26,72724.031
002862.SZ,2019-04-29,11.58,11.59,10.59,10.59,11.76,-1.17,-9.95,27252.0,62356.271
002862.SZ,2019-04-30,10.38,11.03,10.03,10.21,10.59,-0.379999999999999,-3.59,19585.2,43378.825
002862.SZ,2019-05-06,10.03,10.03,9.2,9.32,10.21,-0.8900000000000006,-8.72,23481.24,47366.901
002862.SZ,2019-05-07,9.42,10.25,9.33,10.25,9.32,0.9299999999999997,9.98,30268.49,62379.341
002862.SZ,2019-05-08,10.33,11.03,10.07,10.67,10.25,0.41999999999999993,4.1,44063.25,98580.141
002862.SZ,2019-05-09,10.36,10.55,10.08,10.08,10.67,-0.5899999999999999,-5.53,25172.0,54714.13
002862.SZ,2019-05-10,10.12,10.71,9.94,10.54,10.08,0.4599999999999991,4.56,29470.01,64701.162
002862.SZ,2019-05-13,10.55,11.05,10.44,10.82,10.54,0.28000000000000114,2.66,29677.02,67652.21
002862.SZ,2019-05-14,10.64,10.95,10.52,10.71,10.82,-0.10999999999999943,-1.02,18478.23,41977.11
002862.SZ,2019-05-15,10.81,11.03,10.68,10.86,10.71,0.14999999999999858,1.4,19222.7,44031.249
002862.SZ,2019-05-16,10.95,11.35,10.84,11.11,10.86,0.25,2.3,25154.23,59222.84
002862.SZ,2019-05-17,11.26,11.3,10.2,10.47,11.11,-0.6399999999999988,-5.76,25611.56,58324.69
002862.SZ,2019-05-20,10.68,10.7,9.7,10.4,10.47,-0.07000000000000028,-0.67,19426.56,42304.072
002862.SZ,2019-05-21,10.56,11.02,10.5,10.72,10.4,0.3200000000000003,3.08,23239.33,53003.301
002862.SZ,2019-05-22,10.85,11.01,10.46,10.65,10.72,-0.07000000000000028,-0.65,20693.0,46955.75
002862.SZ,2019-05-23,10.65,10.96,10.24,10.7,10.65,0.049999999999998934,0.47,24632.26,55903.793
002862.SZ,2019-05-24,10.76,10.79,10.29,10.65,10.7,-0.049999999999998934,-0.47,20911.99,46477.575
002862.SZ,2019-05-27,10.65,10.88,10.44,10.84,10.65,0.1899999999999995,1.78,34600.98,78437.725
002862.SZ,2019-05-28,10.83,11.26,10.65,10.95,10.84,0.10999999999999943,1.01,37562.73,86900.97
002862.SZ,2019-05-29,10.81,11.18,10.7,10.79,10.95,-0.16000000000000014,-1.46,24002.0,55083.739
002862.SZ,2019-05-30,10.41,10.88,10.21,10.47,10.79,-0.3199999999999985,-2.97,27880.85,61672.245
002862.SZ,2019-05-31,10.46,10.67,10.25,10.34,10.47,-0.13000000000000078,-1.24,15460.48,34283.959
002862.SZ,2019-06-03,10.34,10.53,10.23,10.26,10.34,-0.08000000000000007,-0.77,13854.85,30364.779
002862.SZ,2019-06-04,10.27,10.32,9.65,9.67,10.26,-0.5899999999999999,-5.75,16889.7,35501.144
002862.SZ,2019-06-05,9.82,10.63,9.82,10.63,9.67,0.9600000000000009,9.93,36241.0,79100.397
002862.SZ,2019-06-06,10.74,10.74,9.97,9.98,10.63,-0.6500000000000004,-6.11,33518.0,73208.856
002862.SZ,2019-06-10,10.17,10.31,9.92,9.95,9.98,-0.030000000000001137,-0.3,20695.0,44188.999
002862.SZ,2019-06-11,9.88,10.38,9.84,10.25,9.95,0.3000000000000007,3.02,21586.0,46472.37
002862.SZ,2019-06-12,10.26,10.37,10.03,10.12,10.25,-0.13000000000000078,-1.27,16606.0,35689.171
002862.SZ,2019-06-13,10.12,10.22,9.97,10.09,10.12,-0.02999999999999936,-0.3,13233.0,28282.523
002862.SZ,2019-06-14,10.11,10.26,9.61,9.93,10.09,-0.16000000000000014,-1.59,26201.0,55034.645
002862.SZ,2019-06-17,9.89,9.89,9.5,9.68,9.93,-0.25,-2.52,15804.0,32356.613
002862.SZ,2019-06-18,9.68,9.78,9.54,9.62,9.68,-0.0600000000000005,-0.62,8567.55,17398.366
002862.SZ,2019-06-19,9.72,10.03,9.72,9.79,9.62,0.16999999999999993,1.77,19091.0,39891.411
002862.SZ,2019-06-20,9.79,9.98,9.66,9.89,9.79,0.10000000000000142,1.02,15254.55,31702.19
002862.SZ,2019-06-21,9.99,10.31,9.95,10.07,9.89,0.17999999999999972,1.82,22085.0,47245.606
002862.SZ,2019-06-24,10.15,10.59,10.0,10.2,10.07,0.129999999999999,1.29,26990.55,58279.623
002862.SZ,2019-06-25,10.24,10.24,9.77,9.87,10.2,-0.33000000000000007,-3.24,17855.0,37501.207
002862.SZ,2019-06-26,9.83,10.08,9.7,9.93,9.87,0.0600000000000005,0.61,12480.0,26214.455
002862.SZ,2019-06-27,9.92,10.1,9.92,9.95,9.93,0.019999999999999574,0.2,11066.0,23367.932
002862.SZ,2019-06-28,9.99,10.03,9.79,9.9,9.95,-0.049999999999998934,-0.5,9906.17,20711.561
002862.SZ,2019-07-01,10.11,10.17,9.93,10.12,9.9,0.21999999999999886,2.22,13405.42,28581.049
002862.SZ,2019-07-02,10.13,11.13,9.98,10.63,10.12,0.5100000000000016,5.04,58174.83,131094.022
002862.SZ,2019-07-03,10.5,10.65,10.17,10.19,10.63,-0.4400000000000013,-4.14,34211.83,74794.779
002862.SZ,2019-07-04,10.19,10.28,9.82,9.94,10.19,-0.25,-2.45,23425.83,49625.363
002862.SZ,2019-07-05,9.88,10.07,9.88,10.0,9.94,0.0600000000000005,0.6,12231.0,25835.942
002862.SZ,2019-07-08,10.0,10.99,9.61,10.99,9.99,1.0,10.01,73183.52,161432.328
002862.SZ,2019-07-09,10.9,11.07,10.4,10.57,10.99,-0.41999999999999993,-3.82,71894.52,162630.479
002862.SZ,2019-07-10,10.46,10.67,10.26,10.31,10.57,-0.2599999999999998,-2.46,39363.84,86514.385
002862.SZ,2019-07-11,10.29,10.5,10.1,10.49,10.31,0.17999999999999972,1.75,34864.68,75862.956
002862.SZ,2019-07-12,10.4,11.02,10.36,10.76,10.49,0.2699999999999996,2.57,48585.22,109951.861
002862.SZ,2019-07-15,10.63,10.91,10.23,10.59,10.76,-0.16999999999999993,-1.58,29690.39,66314.315
002862.SZ,2019-07-16,10.65,10.72,10.37,10.43,10.59,-0.16000000000000014,-1.51,24740.0,54601.385
002862.SZ,2019-07-17,10.41,10.64,10.37,10.58,10.43,0.15000000000000036,1.44,20774.0,45859.723
002862.SZ,2019-07-18,10.5,10.65,10.23,10.23,10.58,-0.34999999999999964,-3.31,18807.0,41296.029
002862.SZ,2019-07-19,10.15,10.31,9.88,9.88,10.23,-0.34999999999999964,-3.42,23549.0,49924.264
002862.SZ,2019-07-22,9.94,9.94,9.22,9.36,9.88,-0.5200000000000014,-5.26,17953.0,35941.163
002862.SZ,2019-07-23,9.37,9.55,9.37,9.5,9.36,0.14000000000000057,1.5,9905.58,19752.026
002862.SZ,2019-07-24,9.54,9.73,9.52,9.61,9.5,0.10999999999999943,1.16,12143.0,24651.636
002862.SZ,2019-07-25,9.66,9.87,9.51,9.67,9.61,0.0600000000000005,0.62,11243.42,23008.539
002862.SZ,2019-07-26,9.67,9.81,9.61,9.69,9.67,0.019999999999999574,0.21,6724.0,13745.014
002862.SZ,2019-07-29,9.68,9.79,9.64,9.75,9.69,0.0600000000000005,0.62,7588.83,15522.856
002862.SZ,2019-07-30,9.75,10.25,9.7,10.06,9.75,0.3100000000000005,3.18,22942.83,48215.505
002862.SZ,2019-07-31,10.02,10.02,9.65,9.68,10.06,-0.3800000000000008,-3.78,18087.83,37313.175
002862.SZ,2019-08-01,9.68,9.75,9.56,9.63,9.68,-0.049999999999998934,-0.52,7697.0,15665.496
002862.SZ,2019-08-02,9.32,9.58,9.32,9.47,9.63,-0.16000000000000014,-1.66,10544.87,20998.488
002862.SZ,2019-08-05,9.47,9.64,9.47,9.52,9.47,0.049999999999998934,0.53,7786.0,15659.483
002862.SZ,2019-08-06,9.41,9.41,8.6,9.07,9.52,-0.4499999999999993,-4.73,12301.83,23411.102
002862.SZ,2019-08-07,9.17,9.26,9.12,9.17,9.07,0.09999999999999964,1.1,12338.0,23942.588
002862.SZ,2019-08-08,9.17,9.25,9.02,9.05,9.17,-0.11999999999999922,-1.31,9420.0,18089.393
002862.SZ,2019-08-09,9.15,9.17,8.69,8.8,9.05,-0.25,-2.76,12156.0,22786.26
002862.SZ,2019-08-12,8.83,9.0,8.73,8.98,8.8,0.17999999999999972,2.05,6944.3,13012.647
002862.SZ,2019-08-13,8.95,9.23,8.69,8.96,8.98,-0.019999999999999574,-0.22,9882.0,18706.982
002862.SZ,2019-08-14,9.5,9.6,9.08,9.18,8.96,0.21999999999999886,2.46,20353.46,40007.654
002862.SZ,2019-08-15,8.84,9.1,8.8,9.03,9.18,-0.15000000000000036,-1.63,12162.91,22854.941
002862.SZ,2019-08-16,9.03,9.19,8.93,9.04,9.03,0.009999999999999787,0.11,10865.0,20729.656
002862.SZ,2019-08-19,9.04,9.35,9.04,9.3,9.04,0.26000000000000156,2.88,13554.51,26340.391
002862.SZ,2019-08-20,9.34,9.48,9.23,9.39,9.3,0.08999999999999986,0.97,11933.51,23598.385
002862.SZ,2019-08-21,9.4,9.44,9.31,9.36,9.39,-0.030000000000001137,-0.32,7557.43,14931.499
002862.SZ,2019-08-22,9.35,9.45,9.32,9.34,9.36,-0.019999999999999574,-0.21,7704.13,15203.381
002862.SZ,2019-08-23,9.43,9.43,9.16,9.19,9.34,-0.15000000000000036,-1.61,7332.43,14309.001
002862.SZ,2019-08-26,8.99,9.18,8.9,9.08,9.19,-0.10999999999999943,-1.2,7283.0,13907.328
002862.SZ,2019-08-27,9.13,9.39,9.1,9.33,9.08,0.25,2.75,10831.0,21161.618
002862.SZ,2019-08-28,9.33,9.41,9.26,9.31,9.33,-0.019999999999999574,-0.21,8147.13,15981.382
002862.SZ,2019-08-29,9.35,9.56,9.32,9.36,9.31,0.049999999999998934,0.54,15480.0,30827.239
002862.SZ,2019-08-30,9.37,9.64,9.17,9.17,9.36,-0.1899999999999995,-2.03,20092.0,39851.162
002862.SZ,2019-09-02,9.04,9.49,9.04,9.45,9.17,0.27999999999999936,3.05,15615.69,30665.328
002862.SZ,2019-09-03,9.45,9.49,9.36,9.41,9.45,-0.03999999999999915,-0.42,9421.57,18682.714
002862.SZ,2019-09-04,9.39,9.59,9.38,9.43,9.41,0.019999999999999574,0.21,10287.87,20468.905
002862.SZ,2019-09-05,9.44,9.67,9.43,9.52,9.43,0.08999999999999986,0.95,15637.0,31533.335
002862.SZ,2019-09-06,9.58,9.77,9.5,9.69,9.52,0.16999999999999993,1.79,23504.19,47790.776
002862.SZ,2019-09-09,9.74,9.83,9.64,9.81,9.69,0.120000000000001,1.24,18893.19,38746.049
002862.SZ,2019-09-10,9.86,10.22,9.72,10.09,9.81,0.27999999999999936,2.85,29505.0,61845.764
002862.SZ,2019-09-11,10.08,10.08,9.76,9.83,10.09,-0.2599999999999998,-2.58,19413.05,40431.248
002862.SZ,2019-09-12,9.81,9.88,9.73,9.81,9.83,-0.019999999999999574,-0.2,14261.71,29451.709
002862.SZ,2019-09-16,9.81,9.97,9.81,9.84,9.81,0.02999999999999936,0.31,9634.78,20032.236
002862.SZ,2019-09-17,9.81,9.89,9.65,9.74,9.84,-0.09999999999999964,-1.02,12088.43,24820.771
002862.SZ,2019-09-18,9.8,9.95,9.74,9.85,9.74,0.10999999999999943,1.13,13329.0,27749.919
002862.SZ,2019-09-19,9.85,10.02,9.79,9.93,9.85,0.08000000000000007,0.81,15983.9,33383.214
002862.SZ,2019-09-20,9.96,9.98,9.71,9.83,9.93,-0.09999999999999964,-1.01,12218.0,25318.116
002862.SZ,2019-09-23,9.8,9.83,9.49,9.73,9.83,-0.09999999999999964,-1.02,9289.0,18961.0
002862.SZ,2019-09-24,9.79,9.91,9.63,9.67,9.73,-0.0600000000000005,-0.62,9931.0,20427.582
002862.SZ,2019-09-25,9.67,9.75,9.41,9.41,9.67,-0.2599999999999998,-2.69,11248.0,22661.161
002862.SZ,2019-09-26,9.5,9.54,9.05,9.12,9.41,-0.2900000000000009,-3.08,12416.0,24096.652
002862.SZ,2019-09-27,9.21,9.31,9.09,9.18,9.12,0.0600000000000005,0.66,11418.73,22108.3
002862.SZ,2019-09-30,9.24,9.28,9.08,9.18,9.18,0.0,0.0,7787.0,15082.352
002862.SZ,2019-10-08,9.15,9.33,9.15,9.23,9.18,0.05000000000000071,0.54,6976.7,13610.837
002862.SZ,2019-10-09,9.24,9.36,9.15,9.34,9.23,0.10999999999999943,1.19,6168.7,12069.042
002862.SZ,2019-10-10,9.41,9.48,9.27,9.42,9.34,0.08000000000000007,0.86,8219.0,16265.29
002862.SZ,2019-10-11,9.43,9.49,9.34,9.42,9.42,0.0,0.0,6599.0,13082.905
002862.SZ,2019-10-14,9.44,9.63,9.44,9.48,9.42,0.0600000000000005,0.64,9007.0,18094.028
002862.SZ,2019-10-15,9.49,9.53,9.32,9.46,9.48,-0.019999999999999574,-0.21,7209.12,14272.316
002862.SZ,2019-10-16,9.45,9.45,9.28,9.31,9.46,-0.15000000000000036,-1.59,5972.87,11761.339
002862.SZ,2019-10-17,9.43,9.7,9.26,9.47,9.31,0.16000000000000014,1.72,17536.0,35129.807
002862.SZ,2019-10-18,9.41,9.43,8.98,9.09,9.47,-0.3800000000000008,-4.01,17923.0,34763.071
002862.SZ,2019-10-21,9.1,9.24,8.81,9.14,9.09,0.05000000000000071,0.55,9244.7,17677.093
002862.SZ,2019-10-22,9.17,9.43,9.03,9.35,9.14,0.20999999999999908,2.3,10712.12,20941.021
002862.SZ,2019-10-23,9.33,9.48,9.22,9.33,9.35,-0.019999999999999574,-0.21,7543.0,14935.198
002862.SZ,2019-10-24,9.38,9.57,9.32,9.36,9.33,0.02999999999999936,0.32,8347.84,16571.207
002862.SZ,2019-10-25,9.31,9.46,9.25,9.39,9.36,0.030000000000001137,0.32,9027.0,17788.085
002862.SZ,2019-10-28,9.45,9.59,9.29,9.56,9.39,0.16999999999999993,1.81,12504.0,24989.805
002862.SZ,2019-10-29,9.53,9.86,9.42,9.43,9.56,-0.13000000000000078,-1.36,19950.0,40204.393
002862.SZ,2019-10-30,9.4,9.73,9.32,9.59,9.43,0.16000000000000014,1.7,21867.0,44275.142
002862.SZ,2019-10-31,9.59,10.19,9.43,9.79,9.59,0.1999999999999993,2.09,41655.63,85845.278
002862.SZ,2019-11-01,9.78,9.92,9.61,9.86,9.79,0.07000000000000028,0.72,27741.33,56744.398
002862.SZ,2019-11-04,9.72,9.86,9.72,9.74,9.86,-0.11999999999999922,-1.22,20907.09,43062.671
002862.SZ,2019-11-05,9.74,9.84,9.6,9.82,9.74,0.08000000000000007,0.82,17454.09,35735.429
002862.SZ,2019-11-06,9.79,9.84,9.59,9.62,9.82,-0.20000000000000107,-2.04,17177.0,35084.34
002862.SZ,2019-11-07,9.62,9.77,9.57,9.67,9.62,0.05000000000000071,0.52,14940.0,30493.443
002862.SZ,2019-11-08,9.69,9.86,9.66,9.66,9.67,-0.009999999999999787,-0.1,13058.15,26813.459
002862.SZ,2019-11-11,9.6,9.7,9.53,9.57,9.66,-0.08999999999999986,-0.93,10132.63,20462.27
002862.SZ,2019-11-12,9.57,9.77,9.54,9.75,9.57,0.17999999999999972,1.88,16460.99,33552.253
002862.SZ,2019-11-13,9.76,10.05,9.71,9.79,9.75,0.03999999999999915,0.41,38177.1,79242.651
002862.SZ,2019-11-14,9.78,10.0,9.54,9.93,9.79,0.14000000000000057,1.43,34877.64,72203.149
002862.SZ,2019-11-15,9.94,10.11,9.64,9.65,9.93,-0.27999999999999936,-2.82,31831.0,65978.159
002862.SZ,2019-11-18,9.64,10.49,9.55,10.25,9.65,0.5999999999999996,6.22,59621.11,126820.341
002862.SZ,2019-11-19,10.15,10.58,10.1,10.4,10.25,0.15000000000000036,1.46,56218.73,123140.785
002862.SZ,2019-11-20,10.38,11.15,10.25,10.92,10.4,0.5199999999999996,5.0,72228.07,164942.781
002862.SZ,2019-11-21,10.77,11.48,10.55,11.13,10.92,0.21000000000000085,1.92,69523.69,159963.839
002862.SZ,2019-11-22,10.96,12.19,10.96,11.67,11.13,0.5399999999999991,4.85,89957.32,220247.473
002862.SZ,2019-11-25,11.54,12.05,11.13,11.24,11.67,-0.4299999999999997,-3.68,67122.78,163204.254
002862.SZ,2019-11-26,11.21,11.71,10.62,11.68,11.24,0.4399999999999995,3.91,53124.88,126906.168
002862.SZ,2019-11-27,11.47,11.77,11.21,11.5,11.68,-0.17999999999999972,-1.54,46526.7,112778.253
002862.SZ,2019-11-28,11.43,11.57,10.93,10.93,11.5,-0.5700000000000003,-4.96,33672.16,79190.143
002862.SZ,2019-11-29,11.0,11.12,10.83,11.0,10.93,0.07000000000000028,0.64,33570.0,77788.385
002862.SZ,2019-12-02,11.15,11.19,10.81,11.02,11.0,0.019999999999999574,0.18,31001.0,71395.889
002862.SZ,2019-12-03,10.93,11.06,10.65,10.98,11.02,-0.03999999999999915,-0.36,26978.0,61562.689
002862.SZ,2019-12-04,10.93,11.21,10.83,11.06,10.98,0.08000000000000007,0.73,26929.0,62681.204
002862.SZ,2019-12-05,11.09,11.12,10.83,10.9,11.06,-0.16000000000000014,-1.45,23246.12,53365.925
002862.SZ,2019-12-06,10.93,11.15,10.74,11.06,10.9,0.16000000000000014,1.47,28199.12,65298.774
002862.SZ,2019-12-09,11.09,11.12,10.83,10.98,11.06,-0.08000000000000007,-0.72,21728.21,49956.013
002862.SZ,2019-12-10,11.01,11.01,10.62,10.81,10.98,-0.16999999999999993,-1.55,23520.12,53382.961
002862.SZ,2019-12-11,10.8,10.9,10.26,10.87,10.81,0.05999999999999872,0.56,42008.0,93677.549
002862.SZ,2019-12-12,10.69,11.51,10.65,11.19,10.87,0.3200000000000003,2.94,46679.0,109897.834
002862.SZ,2019-12-13,11.19,11.37,10.93,11.02,11.19,-0.16999999999999993,-1.52,26006.0,60796.76
002862.SZ,2019-12-16,11.05,11.11,10.75,11.04,11.02,0.019999999999999574,0.18,27421.57,62934.345
002862.SZ,2019-12-17,10.93,11.09,10.85,10.92,11.04,-0.11999999999999922,-1.09,22490.0,51801.94
002862.SZ,2019-12-18,10.83,10.97,10.83,10.88,10.92,-0.03999999999999915,-0.37,14231.09,32612.164
002862.SZ,2019-12-19,10.89,11.25,10.84,11.16,10.88,0.27999999999999936,2.57,26531.11,62014.563
002862.SZ,2019-12-20,11.13,11.35,10.7,10.75,11.16,-0.41000000000000014,-3.67,25036.0,58056.799
002862.SZ,2019-12-23,10.74,10.86,10.52,10.7,10.75,-0.05000000000000071,-0.47,13180.09,29800.719
002862.SZ,2019-12-24,10.76,10.76,10.38,10.67,10.7,-0.02999999999999936,-0.28,14000.09,31166.618
002862.SZ,2019-12-25,10.68,10.79,10.59,10.72,10.67,0.05000000000000071,0.47,10322.0,23181.64
002862.SZ,2019-12-26,10.74,10.91,10.6,10.79,10.72,0.06999999999999851,0.65,13248.0,30091.777
002862.SZ,2019-12-27,10.81,10.89,10.55,10.56,10.79,-0.22999999999999865,-2.13,12023.15,27030.799
002862.SZ,2019-12-30,10.46,10.67,10.46,10.51,10.56,-0.05000000000000071,-0.47,7544.0,16753.007
002862.SZ,2019-12-31,10.47,10.68,10.46,10.55,10.51,0.040000000000000924,0.38,6671.0,14832.891
002862.SZ,2020-01-02,10.65,10.79,10.55,10.73,10.55,0.17999999999999972,1.71,10784.54,24224.456
002862.SZ,2020-01-03,10.75,10.79,10.67,10.7,10.73,-0.030000000000001137,-0.28,8140.93,18370.321
002862.SZ,2020-01-06,10.58,10.9,10.36,10.89,10.7,0.19000000000000128,1.78,14039.54,31879.9
002862.SZ,2020-01-07,10.83,11.13,10.83,11.11,10.89,0.21999999999999886,2.02,17245.44,40095.56
002862.SZ,2020-01-08,11.26,11.26,10.97,10.99,11.11,-0.11999999999999922,-1.08,16736.0,38948.973
002862.SZ,2020-01-09,11.17,11.24,10.94,11.02,10.99,0.02999999999999936,0.27,9952.54,23104.989
002862.SZ,2020-01-10,10.93,11.17,10.89,11.15,11.02,0.13000000000000078,1.18,12312.0,28640.069
002862.SZ,2020-01-13,11.15,11.21,10.93,11.12,11.15,-0.030000000000001137,-0.27,9978.99,23262.627
002862.SZ,2020-01-14,11.08,11.31,10.98,11.0,11.12,-0.11999999999999922,-1.08,11427.99,26638.252
002862.SZ,2020-01-15,10.96,11.17,10.84,11.1,11.0,0.09999999999999964,0.91,13983.0,32376.99
002862.SZ,2020-01-16,11.42,11.79,11.12,11.14,11.1,0.040000000000000924,0.36,34283.64,82038.064
002862.SZ,2020-01-17,10.91,11.04,10.76,10.8,11.14,-0.33999999999999986,-3.05,16479.65,37709.824
002862.SZ,2020-01-20,10.7,10.87,10.69,10.81,10.8,0.009999999999999787,0.09,6516.99,14799.847
002862.SZ,2020-01-21,10.79,10.79,10.53,10.55,10.81,-0.2599999999999998,-2.41,8798.0,19789.929
002862.SZ,2020-01-22,10.93,10.93,10.49,10.63,10.55,0.08000000000000007,0.76,7286.99,16392.115
002862.SZ,2020-01-23,10.6,10.68,9.92,10.08,10.63,-0.5500000000000007,-5.17,13836.92,30049.096
002862.SZ,2020-02-03,9.08,9.08,9.08,9.08,10.08,-1.0,-9.92,907.0,1732.37
002862.SZ,2020-02-04,8.17,9.41,8.17,9.31,9.08,0.23000000000000043,2.53,56934.32,102125.682
002862.SZ,2020-02-05,9.04,9.37,9.04,9.31,9.31,0.0,0.0,22177.0,43136.221
002862.SZ,2020-02-06,9.27,9.4,9.05,9.2,9.31,-0.11000000000000121,-1.18,20362.0,39700.608
002862.SZ,2020-02-07,9.15,9.24,9.06,9.13,9.2,-0.06999999999999851,-0.76,15474.95,29805.254
002862.SZ,2020-02-10,9.14,9.67,9.05,9.58,9.13,0.4499999999999993,4.93,22183.3,43833.533
002862.SZ,2020-02-11,9.51,9.85,9.47,9.68,9.58,0.09999999999999964,1.04,15132.0,30697.521
002862.SZ,2020-02-12,9.69,9.8,9.6,9.73,9.68,0.05000000000000071,0.52,6819.0,13984.623
002862.SZ,2020-02-13,9.66,9.78,9.56,9.59,9.73,-0.14000000000000057,-1.44,7535.0,15325.921
002862.SZ,2020-02-14,9.55,9.65,9.46,9.5,9.59,-0.08999999999999986,-0.94,6196.0,12447.145
002862.SZ,2020-02-17,9.51,9.82,9.51,9.76,9.5,0.2599999999999998,2.74,8931.99,18347.846
002862.SZ,2020-02-18,9.55,9.87,9.55,9.79,9.76,0.02999999999999936,0.31,8500.88,17478.647
002862.SZ,2020-02-19,9.87,9.9,9.69,9.77,9.79,-0.019999999999999574,-0.2,8477.45,17428.588
002862.SZ,2020-02-20,9.82,10.05,9.7,9.99,9.77,0.22000000000000064,2.25,13471.0,27930.902
002862.SZ,2020-02-21,9.99,10.04,9.88,9.91,9.99,-0.08000000000000007,-0.8,10495.45,21959.72
002862.SZ,2020-02-24,9.93,10.45,9.8,10.39,9.91,0.4800000000000004,4.84,18787.45,40198.759
002862.SZ,2020-02-25,10.22,10.67,10.17,10.64,10.39,0.25,2.41,19984.0,44108.814
002862.SZ,2020-02-26,10.32,10.73,10.32,10.37,10.64,-0.27000000000000135,-2.54,11861.16,26282.728
002862.SZ,2020-02-27,10.48,10.74,10.36,10.64,10.37,0.27000000000000135,2.6,12191.2,27150.185
002862.SZ,2020-02-28,10.5,10.7,10.36,10.41,10.64,-0.23000000000000043,-2.16,13901.0,30799.807
002862.SZ,2020-03-02,10.36,10.69,10.36,10.45,10.41,0.03999999999999915,0.38,12366.8,27488.152
002862.SZ,2020-03-03,10.59,10.86,10.43,10.51,10.45,0.0600000000000005,0.57,13133.09,29237.748
002862.SZ,2020-03-04,10.36,10.61,10.36,10.49,10.51,-0.019999999999999574,-0.19,7264.9,16032.759
002862.SZ,2020-03-05,10.55,11.17,10.53,10.83,10.49,0.33999999999999986,3.24,18530.39,42176.771
002862.SZ,2020-03-06,10.83,11.4,10.62,11.07,10.83,0.2400000000000002,2.22,26723.3,62617.689
002862.SZ,2020-03-09,10.86,11.4,10.86,11.31,11.07,0.2400000000000002,2.17,20114.01,47500.081
002862.SZ,2020-03-10,11.17,11.34,10.94,11.22,11.31,-0.08999999999999986,-0.8,16102.81,37829.138
002862.SZ,2020-03-11,11.18,11.43,11.03,11.35,11.22,0.129999999999999,1.16,16298.8,38536.406
002862.SZ,2020-03-12,11.35,11.68,11.09,11.14,11.35,-0.20999999999999908,-1.85,15458.02,36751.623
002862.SZ,2020-03-13,10.51,11.3,10.51,11.22,11.14,0.08000000000000007,0.72,15521.0,36065.178
002862.SZ,2020-03-16,11.18,11.55,10.82,10.88,11.22,-0.33999999999999986,-3.03,14676.0,34296.372
002862.SZ,2020-03-17,10.77,11.14,10.32,10.76,10.88,-0.120000000000001,-1.1,14834.0,33618.715
002862.SZ,2020-03-18,10.88,11.35,10.79,10.93,10.76,0.16999999999999993,1.58,15159.26,35187.96
002862.SZ,2020-03-19,10.93,11.31,10.74,11.31,10.93,0.3800000000000008,3.48,16261.14,37701.049
002862.SZ,2020-03-20,11.31,12.39,11.31,12.16,11.31,0.8499999999999996,7.52,23253.44,58019.554
002862.SZ,2020-03-23,11.86,12.46,11.79,12.05,12.16,-0.10999999999999943,-0.9,18701.81,47925.324
002862.SZ,2020-03-24,12.14,12.44,11.79,12.33,12.05,0.27999999999999936,2.32,27633.0,70829.378
002862.SZ,2020-03-25,12.26,13.55,12.26,13.33,12.33,1.0,8.11,33574.78,91376.901
002862.SZ,2020-03-26,13.02,13.23,12.6,12.78,13.33,-0.5500000000000007,-4.13,22249.0,60384.722
002862.SZ,2020-03-27,12.88,13.52,12.36,12.38,12.78,-0.3999999999999986,-3.13,23836.48,64257.866
002862.SZ,2020-03-30,12.59,12.74,12.26,12.57,12.38,0.1899999999999995,1.53,25559.0,67549.335
002862.SZ,2020-03-31,12.83,12.87,12.31,12.42,12.57,-0.15000000000000036,-1.19,15565.0,41505.552
002862.SZ,2020-04-01,12.56,12.66,12.24,12.56,12.42,0.14000000000000057,1.13,10292.0,27080.286
002862.SZ,2020-04-02,12.5,12.7,12.36,12.43,12.56,-0.13000000000000078,-1.04,12392.0,32558.018
002862.SZ,2020-04-03,12.42,13.02,12.37,12.77,12.43,0.33999999999999986,2.74,13925.0,37119.364
002862.SZ,2020-04-07,12.56,13.05,12.56,12.99,12.77,0.22000000000000064,1.72,12509.0,33921.819
002862.SZ,2020-04-08,12.95,13.26,12.84,13.03,12.99,0.03999999999999915,0.31,12755.0,35029.173
002862.SZ,2020-04-09,13.03,13.88,12.92,13.64,13.03,0.6100000000000012,4.68,23957.0,67597.506
002862.SZ,2020-04-10,13.39,13.58,12.36,12.99,13.64,-0.6500000000000004,-4.77,32515.0,88719.838
002862.SZ,2020-04-13,13.09,13.24,12.64,12.98,12.99,-0.009999999999999787,-0.08,14507.0,39629.624
002862.SZ,2020-04-14,12.36,13.5,12.36,13.31,12.98,0.33000000000000007,2.54,19633.0,54679.291
002862.SZ,2020-04-15,13.29,13.63,13.21,13.42,13.31,0.10999999999999943,0.83,15882.0,44892.654
002862.SZ,2020-04-16,13.4,13.81,13.31,13.7,13.42,0.27999999999999936,2.09,20843.61,59740.777
002862.SZ,2020-04-17,14.59,14.64,13.17,13.41,13.7,-0.28999999999999915,-2.12,31971.0,90106.733
002862.SZ,2020-04-20,13.26,13.32,12.97,13.09,13.41,-0.3200000000000003,-2.39,19331.0,53372.381
002862.SZ,2020-04-21,13.04,13.58,13.04,13.26,13.09,0.16999999999999993,1.3,22179.0,62166.497
002862.SZ,2020-04-22,13.07,13.42,12.78,13.0,13.26,-0.2599999999999998,-1.96,19192.0,52621.148
002862.SZ,2020-04-23,12.95,13.14,12.78,13.01,13.0,0.009999999999999787,0.08,14569.0,39799.241
002862.SZ,2020-04-24,13.04,13.16,12.74,13.0,13.01,-0.009999999999999787,-0.08,13368.0,36451.322
002862.SZ,2020-04-27,13.0,13.3,12.74,13.08,13.0,0.08000000000000007,0.62,24400.61,66898.778
002862.SZ,2020-04-28,13.25,13.25,12.74,12.95,13.08,-0.13000000000000078,-0.99,17478.0,47711.602
002862.SZ,2020-04-29,13.09,13.09,12.3,12.55,12.95,-0.3999999999999986,-3.09,21862.0,58042.209
002862.SZ,2020-04-30,12.63,13.39,12.32,12.88,12.55,0.33000000000000007,2.63,27722.93,75300.916
002862.SZ,2020-05-06,12.93,13.38,12.65,13.38,12.88,0.5,3.88,22830.0,63340.002
002862.SZ,2020-05-07,13.39,13.59,13.07,13.26,13.38,-0.120000000000001,-0.9,18704.0,52024.85
002862.SZ,2020-05-08,13.26,13.28,13.07,13.17,13.26,-0.08999999999999986,-0.68,8318.0,23030.183
002862.SZ,2020-05-11,13.09,13.34,13.02,13.26,13.17,0.08999999999999986,0.68,10301.0,28464.127
002862.SZ,2020-05-12,13.27,13.49,13.13,13.4,13.26,0.14000000000000057,1.06,11442.0,32020.625
002862.SZ,2020-05-13,13.31,14.34,13.28,14.26,13.4,0.8599999999999994,6.42,22202.44,64828.16
002862.SZ,2020-05-14,14.02,14.92,13.99,14.7,14.26,0.4399999999999995,3.09,18336.44,56154.839
002862.SZ,2020-05-15,14.71,15.05,14.49,14.52,14.7,-0.17999999999999972,-1.22,10723.0,33078.682
002862.SZ,2020-05-18,14.59,14.7,14.27,14.47,14.52,-0.049999999999998934,-0.34,13556.0,41294.831
002862.SZ,2020-05-19,14.3,14.87,14.3,14.72,14.47,0.25,1.73,15404.0,47340.572
002862.SZ,2020-05-20,14.7,14.83,14.59,14.59,14.72,-0.13000000000000078,-0.88,11634.0,35978.782
002862.SZ,2020-05-21,14.49,14.76,14.39,14.64,14.59,0.05000000000000071,0.34,9567.75,29456.568
002862.SZ,2020-05-22,14.62,15.59,14.5,15.49,14.64,0.8499999999999996,5.81,25520.91,82004.788
002862.SZ,2020-05-25,15.38,15.96,15.21,15.24,15.49,-0.25,-1.61,19633.72,64159.343
002862.SZ,2020-05-26,15.26,15.64,15.26,15.38,15.24,0.14000000000000057,0.92,12726.0,41334.03
002862.SZ,2020-05-27,15.4,15.63,15.29,15.36,15.38,-0.02000000000000135,-0.13,13419.0,43553.39
002862.SZ,2020-05-28,15.35,15.56,15.06,15.25,15.36,-0.10999999999999943,-0.72,13494.03,43412.967
002862.SZ,2020-05-29,15.0,15.5,14.58,15.38,15.25,0.13000000000000078,0.85,21269.5,45230.955
002862.SZ,2020-06-01,15.19,15.63,14.76,15.4,15.38,0.019999999999999574,0.13,29857.0,63773.746
002862.SZ,2020-06-02,15.24,15.68,14.98,15.02,15.4,-0.3800000000000008,-2.47,16236.5,34601.968
002862.SZ,2020-06-03,14.91,15.8,14.87,15.54,15.02,0.5199999999999996,3.46,18765.86,40586.392
002862.SZ,2020-06-04,15.48,15.8,15.19,15.33,15.54,-0.20999999999999908,-1.35,17963.67,38964.678
002862.SZ,2020-06-05,14.91,15.84,14.91,15.58,15.33,0.25,1.63,28013.97,61009.181
002862.SZ,2020-06-08,15.34,15.69,15.19,15.31,15.58,-0.2699999999999996,-1.73,19751.61,42770.975
002862.SZ,2020-06-09,15.24,15.43,14.84,15.01,15.31,-0.3000000000000007,-1.96,17185.0,36274.27
002862.SZ,2020-06-10,15.06,15.19,14.62,14.81,15.01,-0.1999999999999993,-1.33,13781.5,28623.649
002862.SZ,2020-06-11,14.81,15.08,14.55,14.59,14.81,-0.22000000000000064,-1.49,21595.36,44877.564
002862.SZ,2020-06-12,14.27,14.62,14.27,14.45,14.59,-0.14000000000000057,-0.96,15511.0,31486.362
002862.SZ,2020-06-15,14.34,14.94,13.88,13.92,14.45,-0.5299999999999994,-3.67,22331.5,44555.681
002862.SZ,2020-06-16,13.91,15.11,13.9,14.43,13.92,0.5099999999999998,3.66,30154.0,61794.305
002862.SZ,2020-06-17,14.56,14.87,14.42,14.53,14.43,0.09999999999999964,0.69,18217.5,37309.406
002862.SZ,2020-06-18,14.53,14.81,14.18,14.27,14.53,-0.2599999999999998,-1.79,12754.82,25580.477
002862.SZ,2020-06-19,14.12,14.69,14.12,14.67,14.27,0.40000000000000036,2.8,20503.0,41590.563
002862.SZ,2020-06-22,14.47,14.75,14.1,14.19,14.67,-0.4800000000000004,-3.27,24319.67,48949.202
002862.SZ,2020-06-23,14.12,14.25,13.55,13.8,14.19,-0.3899999999999988,-2.75,24803.87,48574.845
002862.SZ,2020-06-24,13.55,13.99,13.55,13.58,13.8,-0.22000000000000064,-1.59,24905.5,47830.909
002862.SZ,2020-06-29,13.77,13.77,13.05,13.31,13.58,-0.2699999999999996,-1.99,32081.5,60148.841
002862.SZ,2020-06-30,13.32,13.94,13.21,13.87,13.31,0.5599999999999987,4.21,18243.5,34922.675
002862.SZ,2020-07-01,14.11,14.11,13.74,13.92,13.87,0.05000000000000071,0.36,12691.0,24702.257
002862.SZ,2020-07-02,13.77,14.22,13.77,14.14,13.92,0.22000000000000064,1.58,27913.0,54840.697
002862.SZ,2020-07-03,14.09,14.66,14.09,14.34,14.14,0.1999999999999993,1.41,16551.5,33459.101
002862.SZ,2020-07-06,14.28,14.46,13.96,14.25,14.34,-0.08999999999999986,-0.63,31186.5,61968.962
002862.SZ,2020-07-07,14.22,14.87,14.22,14.44,14.25,0.1899999999999995,1.33,27921.43,56865.122
002862.SZ,2020-07-08,13.12,14.34,13.12,14.22,14.44,-0.21999999999999886,-1.52,58362.69,112251.265
002862.SZ,2020-07-09,14.12,15.64,14.12,15.37,14.22,1.1499999999999986,8.09,84217.64,177788.202
002862.SZ,2020-07-10,15.38,15.47,14.76,14.76,15.37,-0.6099999999999994,-3.97,37077.5,78064.127
002862.SZ,2020-07-13,14.91,15.02,14.14,14.48,14.76,-0.27999999999999936,-1.9,58813.42,118895.764
002862.SZ,2020-07-14,14.44,14.44,13.69,13.92,14.48,-0.5600000000000005,-3.87,54657.5,107580.437
002862.SZ,2020-07-15,13.92,14.04,13.27,13.28,13.92,-0.6400000000000006,-4.6,31468.0,59932.991
002862.SZ,2020-07-16,13.05,13.53,12.64,12.73,13.28,-0.5499999999999989,-4.14,34499.42,63028.743
002862.SZ,2020-07-17,12.75,12.82,11.98,12.18,12.73,-0.5500000000000007,-4.32,23255.42,40104.973
002862.SZ,2020-07-20,12.18,12.55,12.18,12.52,12.18,0.33999999999999986,2.79,20633.79,35978.282
002862.SZ,2020-07-21,12.38,12.6,12.38,12.55,12.52,0.030000000000001137,0.24,13351.5,23425.098
002862.SZ,2020-07-22,12.45,12.6,12.43,12.48,12.55,-0.07000000000000028,-0.56,13854.0,24299.466
002862.SZ,2020-07-23,12.32,12.93,11.9,12.65,12.48,0.16999999999999993,1.36,21876.5,38154.122
002862.SZ,2020-07-24,12.71,12.71,11.97,11.99,12.65,-0.6600000000000001,-5.22,14896.74,25581.4
002862.SZ,2020-07-27,11.99,12.09,11.55,11.67,11.99,-0.3200000000000003,-2.67,16225.5,26706.563
002862.SZ,2020-07-28,11.73,11.95,11.7,11.8,11.67,0.13000000000000078,1.11,5307.0,8788.21
002862.SZ,2020-07-29,11.72,12.77,11.65,12.67,11.8,0.8699999999999992,7.37,24111.5,41370.621
002862.SZ,2020-07-30,12.67,13.28,12.57,13.05,12.67,0.3800000000000008,3.0,29846.86,54496.418
002862.SZ,2020-07-31,13.05,13.2,12.84,13.1,13.05,0.049999999999998934,0.38,19023.92,34720.421
002862.SZ,2020-08-03,13.1,13.8,13.1,13.57,13.1,0.47000000000000064,3.59,27375.0,51922.987
002862.SZ,2020-08-04,13.83,13.98,13.47,13.78,13.57,0.20999999999999908,1.55,30630.0,58907.944
002862.SZ,2020-08-05,14.17,15.06,13.56,14.42,13.78,0.6400000000000006,4.64,53831.42,108572.274
002862.SZ,2020-08-06,14.27,14.66,13.97,14.2,14.42,-0.22000000000000064,-1.53,25515.0,50867.081
002862.SZ,2020-08-07,14.27,14.48,14.05,14.21,14.2,0.010000000000001563,0.07,20229.32,40486.904
002862.SZ,2020-08-10,14.21,15.1,14.02,14.72,14.21,0.5099999999999998,3.59,36783.0,75059.294
002862.SZ,2020-08-11,14.72,14.83,14.41,14.52,14.72,-0.20000000000000107,-1.36,22352.5,45678.086
002862.SZ,2020-08-12,14.34,14.74,14.2,14.61,14.52,0.08999999999999986,0.62,17383.76,35342.529
002862.SZ,2020-08-13,14.65,14.91,14.34,14.64,14.61,0.030000000000001137,0.21,9953.0,20534.385
002862.SZ,2020-08-14,14.64,15.11,14.38,14.96,14.64,0.3200000000000003,2.19,24588.5,51223.529
002862.SZ,2020-08-17,14.63,16.02,14.61,15.25,14.96,0.28999999999999915,1.94,45029.0,97304.262
002862.SZ,2020-08-18,15.56,16.68,15.07,16.32,15.25,1.0700000000000003,7.02,47946.5,105271.467
002862.SZ,2020-08-19,16.13,16.87,15.91,16.8,16.32,0.4800000000000004,2.94,36497.5,84298.896
002862.SZ,2020-08-20,16.65,17.1,15.91,16.25,16.8,-0.5500000000000007,-3.27,37873.0,88445.292
002862.SZ,2020-08-21,16.4,16.96,15.72,15.93,16.25,-0.3200000000000003,-1.97,31748.5,71502.718
002862.SZ,2020-08-24,15.93,16.16,15.78,15.91,15.93,-0.019999999999999574,-0.13,26559.5,59343.96
002862.SZ,2020-08-25,15.91,17.45,15.56,17.32,15.91,1.4100000000000001,8.86,47061.36,110064.218
002862.SZ,2020-08-26,17.28,17.97,16.61,16.71,17.32,-0.6099999999999994,-3.52,36496.5,87076.981
002862.SZ,2020-08-27,16.82,17.18,16.53,16.85,16.71,0.14000000000000057,0.84,26804.5,63037.795
002862.SZ,2020-08-28,16.85,17.45,16.65,17.2,16.85,0.34999999999999787,2.08,23754.0,57308.456
002862.SZ,2020-08-31,17.2,17.58,16.55,16.68,17.2,-0.5199999999999996,-3.02,41009.62,97457.03
002862.SZ,2020-09-01,16.64,16.68,16.05,16.22,16.68,-0.46000000000000085,-2.76,27812.5,63558.144
002862.SZ,2020-09-02,16.16,17.05,15.88,16.8,16.22,0.5800000000000018,3.58,37035.5,85211.954
002862.SZ,2020-09-03,16.55,17.1,16.55,16.77,16.8,-0.030000000000001137,-0.18,19318.5,45483.635
002862.SZ,2020-09-04,16.6,17.26,16.38,17.04,16.77,0.2699999999999996,1.61,26202.5,62198.373
002862.SZ,2020-09-07,17.04,17.26,16.78,17.04,17.04,0.0,0.0,28615.5,68358.522
002862.SZ,2020-09-08,16.93,16.95,16.25,16.33,17.04,-0.7100000000000009,-4.17,22132.0,51246.062
002862.SZ,2020-09-09,16.12,16.33,15.36,15.62,16.33,-0.7099999999999991,-4.35,18611.0,41039.469
002862.SZ,2020-09-10,15.68,15.96,14.79,14.81,15.62,-0.8099999999999987,-5.19,39943.0,84385.417
002862.SZ,2020-09-11,14.98,16.26,14.62,15.89,14.81,1.08,7.29,37236.5,81585.943
002862.SZ,2020-09-14,16.12,16.16,15.04,15.21,15.89,-0.6799999999999997,-4.28,36838.0,79422.465
002862.SZ,2020-09-15,15.25,15.25,14.51,14.89,15.21,-0.3200000000000003,-2.1,20432.5,42287.817
002862.SZ,2020-09-16,14.89,15.64,14.37,14.91,14.89,0.019999999999999574,0.13,17301.0,35827.201
002862.SZ,2020-09-17,14.66,14.87,14.34,14.84,14.91,-0.07000000000000028,-0.47,11425.32,23465.41
002862.SZ,2020-09-18,14.54,15.03,14.54,14.91,14.84,0.07000000000000028,0.47,14708.5,30418.328
002862.SZ,2020-09-21,14.84,15.04,14.73,14.91,14.91,0.0,0.0,14678.5,30567.938
002862.SZ,2020-09-22,14.64,14.83,14.37,14.7,14.91,-0.21000000000000085,-1.41,13412.0,27376.901
002862.SZ,2020-09-23,14.49,15.76,14.42,15.56,14.7,0.8600000000000012,5.85,33518.5,72269.243
002862.SZ,2020-09-24,15.72,15.83,15.13,15.23,15.56,-0.33000000000000007,-2.12,27889.5,60580.044
002862.SZ,2020-09-25,14.99,15.39,14.63,14.77,15.23,-0.46000000000000085,-3.02,21664.0,45147.163
002862.SZ,2020-09-28,14.77,14.77,14.18,14.29,14.77,-0.4800000000000004,-3.25,21648.74,43688.176
002862.SZ,2020-09-29,12.87,15.39,12.87,14.76,14.29,0.47000000000000064,3.29,43217.5,89418.269
002862.SZ,2020-09-30,14.96,14.96,13.94,14.26,14.76,-0.5,-3.39,25696.12,51295.827
002862.SZ,2020-10-09,14.19,15.53,14.19,15.24,14.26,0.9800000000000004,6.87,30598.0,65033.589
002862.SZ,2020-10-12,15.61,15.61,15.13,15.25,15.24,0.009999999999999787,0.07,19998.0,43061.441
002862.SZ,2020-10-13,15.26,15.86,15.06,15.66,15.25,0.41000000000000014,2.69,22738.0,49685.406
002862.SZ,2020-10-14,15.76,15.95,15.36,15.63,15.66,-0.02999999999999936,-0.19,11156.0,24342.999
002862.SZ,2020-10-15,15.63,15.83,15.31,15.64,15.63,0.009999999999999787,0.06,19970.0,43515.982
002862.SZ,2020-10-16,15.68,15.81,15.27,15.66,15.64,0.019999999999999574,0.13,20367.5,44752.679
002862.SZ,2020-10-19,15.69,15.83,15.28,15.43,15.66,-0.23000000000000043,-1.47,15939.5,34518.052
002862.SZ,2020-10-20,15.55,15.74,15.2,15.48,15.43,0.05000000000000071,0.32,15763.24,34152.257
002862.SZ,2020-10-21,15.35,15.62,15.27,15.54,15.48,0.05999999999999872,0.39,12682.5,27419.943
002862.SZ,2020-10-22,15.54,15.67,15.02,15.54,15.54,0.0,0.0,12872.0,27860.402
002862.SZ,2020-10-23,15.55,15.55,15.27,15.4,15.54,-0.1399999999999988,-0.9,7049.0,15182.289
002862.SZ,2020-10-26,15.34,15.42,14.66,15.24,15.4,-0.16000000000000014,-1.04,21073.5,44947.62
002862.SZ,2020-10-27,15.31,15.31,14.69,14.96,15.24,-0.27999999999999936,-1.84,8880.5,18565.877
002862.SZ,2020-10-28,14.76,15.22,14.62,15.04,14.96,0.0799999999999983,0.53,12783.0,26910.653
002862.SZ,2020-10-29,15.05,15.41,14.64,15.16,15.04,0.120000000000001,0.8,9985.0,21238.492
002862.SZ,2020-10-30,15.26,15.26,14.51,14.61,15.16,-0.5500000000000007,-3.63,16585.42,34268.247
002862.SZ,2020-11-02,14.24,15.1,14.24,14.27,14.61,-0.33999999999999986,-2.33,9607.5,19357.459
002862.SZ,2020-11-03,14.28,15.69,14.19,15.63,14.27,1.3600000000000012,9.53,40573.0,87238.212
002862.SZ,2020-11-04,15.51,15.66,15.14,15.34,15.63,-0.2900000000000009,-1.86,17421.0,37546.898
002862.SZ,2020-11-05,15.4,15.66,15.26,15.34,15.34,0.0,0.0,15797.0,34112.236
002862.SZ,2020-11-06,15.47,15.47,14.98,15.01,15.34,-0.33000000000000007,-2.15,13677.42,28977.983
002862.SZ,2020-11-09,15.2,15.82,15.11,15.58,15.01,0.5700000000000003,3.8,44358.0,96898.808
002862.SZ,2020-11-10,15.81,15.81,15.36,15.63,15.58,0.05000000000000071,0.32,27205.0,59449.979
002862.SZ,2020-11-11,15.66,15.75,14.87,14.98,15.63,-0.6500000000000004,-4.16,18119.5,38662.908
002862.SZ,2020-11-12,14.99,15.2,14.55,14.91,14.98,-0.07000000000000028,-0.47,16773.5,34682.676
002862.SZ,2020-11-13,14.74,15.41,14.7,15.09,14.91,0.17999999999999972,1.21,23935.5,50723.02
002862.SZ,2020-11-16,15.17,15.69,14.72,15.18,15.09,0.08999999999999986,0.6,12117.91,25844.974
002862.SZ,2020-11-17,15.34,15.38,14.77,14.86,15.18,-0.3200000000000003,-2.11,9920.0,20717.334
002862.SZ,2020-11-18,14.78,14.97,14.63,14.74,14.86,-0.11999999999999922,-0.81,8661.0,17861.57
002862.SZ,2020-11-19,14.74,14.76,14.37,14.41,14.74,-0.33000000000000007,-2.24,17556.0,35704.571
002862.SZ,2020-11-20,14.71,14.71,14.24,14.49,14.41,0.08000000000000007,0.56,20919.31,42348.791
002862.SZ,2020-11-23,14.49,14.54,14.25,14.49,14.49,0.0,0.0,11269.0,22734.633
002862.SZ,2020-11-24,14.49,14.68,14.23,14.23,14.49,-0.2599999999999998,-1.79,27068.5,54506.274
002862.SZ,2020-11-25,14.51,15.63,13.92,15.61,14.23,1.379999999999999,9.7,41148.5,86693.598
002862.SZ,2020-11-26,15.69,17.17,15.0,17.17,15.61,1.5600000000000023,9.99,92231.05,215767.037
002862.SZ,2020-11-27,17.3,18.89,15.45,15.45,17.17,-1.7200000000000024,-10.02,99105.39,243691.177
002862.SZ,2020-11-30,13.9,16.27,13.9,16.27,15.45,0.8200000000000003,5.31,130577.89,272665.048
002862.SZ,2020-12-01,16.18,17.9,15.81,17.9,16.27,1.629999999999999,10.02,91963.19,223932.526
002862.SZ,2020-12-02,18.97,19.69,16.11,18.07,17.9,0.1700000000000017,0.95,101211.69,244327.507
002862.SZ,2020-12-03,17.12,17.33,16.49,17.0,18.07,-1.0700000000000003,-5.92,58747.69,139590.432
002862.SZ,2020-12-04,16.98,17.32,16.63,17.0,17.0,0.0,0.0,48649.76,114962.402
002862.SZ,2020-12-07,17.0,17.32,16.4,16.88,17.0,-0.120000000000001,-0.71,45598.0,107664.482
002862.SZ,2020-12-08,16.76,16.76,15.19,15.19,16.88,-1.6899999999999995,-10.01,35261.58,78944.619
002862.SZ,2020-12-09,13.67,13.67,13.67,13.67,15.19,-1.5199999999999996,-10.01,8893.0,17038.988
002862.SZ,2020-12-10,12.3,12.3,12.3,12.3,13.67,-1.3699999999999992,-10.02,2355.0,4060.02
002862.SZ,2020-12-11,11.07,11.07,11.07,11.07,12.3,-1.2300000000000004,-10.0,5488.0,8517.376
002862.SZ,2020-12-14,9.96,9.96,9.96,9.96,11.07,-1.1099999999999994,-10.03,13013.0,18179.161
002862.SZ,2020-12-15,9.17,10.36,9.16,9.44,9.96,-0.5200000000000014,-5.22,313166.33,410874.411
002862.SZ,2020-12-16,8.91,9.07,8.52,8.58,9.44,-0.8599999999999994,-9.11,180706.19,222028.195
002862.SZ,2020-12-17,8.74,9.42,8.39,8.91,8.58,0.33000000000000007,3.85,151398.65,187125.134
002862.SZ,2020-12-18,8.75,8.91,8.57,8.7,8.91,-0.21000000000000085,-2.36,108680.39,132878.776
002862.SZ,2020-12-21,8.65,8.8,8.49,8.56,8.7,-0.1399999999999988,-1.61,74006.91,89804.586
002862.SZ,2020-12-22,8.49,8.59,8.07,8.11,8.56,-0.45000000000000107,-5.26,91203.91,106535.202
002862.SZ,2020-12-23,8.12,8.2,7.82,7.87,8.11,-0.23999999999999932,-2.96,67836.0,75986.473
002862.SZ,2020-12-24,7.9,7.9,7.46,7.47,7.87,-0.40000000000000036,-5.08,64897.29,69251.476
002862.SZ,2020-12-25,7.49,7.92,7.43,7.56,7.47,0.08999999999999986,1.2,80985.82,87027.134
002862.SZ,2020-12-28,7.67,7.69,7.32,7.4,7.56,-0.15999999999999925,-2.12,60430.0,63173.568
002862.SZ,2020-12-29,7.45,7.54,7.26,7.46,7.4,0.05999999999999961,0.81,54051.0,56342.478
002862.SZ,2020-12-30,7.52,7.65,7.35,7.55,7.46,0.08999999999999986,1.21,54579.5,57715.783
002862.SZ,2020-12-31,7.53,7.74,7.5,7.63,7.55,0.08000000000000007,1.06,50620.44,54215.116
002862.SZ,2021-01-04,7.66,7.72,7.52,7.57,7.63,-0.05999999999999961,-0.79,50125.5,53532.383
002862.SZ,2021-01-05,7.57,7.61,7.32,7.4,7.57,-0.16999999999999993,-2.25,39678.5,41393.212
002862.SZ,2021-01-06,7.4,7.42,7.0,7.05,7.4,-0.35000000000000053,-4.73,47056.5,47035.822
002862.SZ,2021-01-07,7.07,7.07,6.53,6.58,7.05,-0.46999999999999975,-6.67,50885.5,48161.623
002862.SZ,2021-01-08,6.63,6.96,6.41,6.67,6.58,0.08999999999999986,1.37,65454.91,61248.638
002862.SZ,2021-01-11,6.64,6.68,6.35,6.36,6.67,-0.3099999999999996,-4.65,39993.0,36321.616
002862.SZ,2021-01-12,6.36,6.54,6.08,6.26,6.36,-0.10000000000000053,-1.57,42473.33,37814.38
002862.SZ,2021-01-13,6.3,6.3,5.98,6.02,6.26,-0.2400000000000002,-3.83,41291.5,35143.374
002862.SZ,2021-01-14,5.99,6.19,5.9,6.08,6.02,0.0600000000000005,1.0,39899.0,34034.034
002862.SZ,2021-01-15,6.08,6.49,6.04,6.43,6.08,0.34999999999999964,5.76,52618.0,46795.768
002862.SZ,2021-01-18,6.43,6.66,6.38,6.49,6.43,0.0600000000000005,0.93,37764.0,34666.863
002862.SZ,2021-01-19,6.5,6.76,6.48,6.69,6.49,0.20000000000000018,3.08,30808.5,28709.006
002862.SZ,2021-01-20,6.73,6.82,6.53,6.64,6.69,-0.05000000000000071,-0.75,27493.5,25664.047
002862.SZ,2021-01-21,6.65,6.76,6.58,6.66,6.64,0.020000000000000462,0.3,25019.0,23436.408
002862.SZ,2021-01-22,6.63,6.77,6.46,6.49,6.66,-0.16999999999999993,-2.55,28816.0,26611.499
002862.SZ,2021-01-25,6.48,6.48,6.11,6.13,6.49,-0.3600000000000003,-5.55,29878.78,26116.903
002862.SZ,2021-01-26,6.17,6.22,6.03,6.11,6.13,-0.019999999999999574,-0.33,19170.5,16508.387
002862.SZ,2021-01-27,6.04,6.28,6.04,6.23,6.11,0.1200000000000001,1.96,31159.5,26899.018
002862.SZ,2021-01-28,6.18,6.85,6.12,6.21,6.23,-0.020000000000000462,-0.32,75831.5,68046.447
002862.SZ,2021-01-29,6.23,6.33,5.91,5.98,6.21,-0.22999999999999954,-3.7,58151.5,49586.436
002862.SZ,2021-02-01,5.92,6.01,5.73,5.83,5.98,-0.15000000000000036,-2.51,30628.0,25170.052
002862.SZ,2021-02-02,5.81,5.95,5.71,5.82,5.83,-0.009999999999999787,-0.17,32961.0,27020.268
002862.SZ,2021-02-03,5.77,5.83,5.64,5.64,5.82,-0.1800000000000006,-3.09,30539.5,24391.988
002862.SZ,2021-02-04,5.64,5.67,5.41,5.49,5.64,-0.14999999999999947,-2.66,29202.5,22457.585
002862.SZ,2021-02-05,5.52,5.66,5.42,5.46,5.49,-0.03000000000000025,-0.55,19586.0,15187.094
002862.SZ,2021-02-08,5.48,5.62,5.31,5.57,5.46,0.11000000000000032,2.01,30222.0,23176.3
002862.SZ,2021-02-09,5.56,5.68,5.46,5.65,5.57,0.08000000000000007,1.44,27640.0,21622.082
002862.SZ,2021-02-10,5.64,5.73,5.57,5.7,5.65,0.04999999999999982,0.88,25229.0,19922.779
002862.SZ,2021-02-18,5.76,5.96,5.71,5.92,5.7,0.21999999999999975,3.86,35808.0,29510.13
002862.SZ,2021-02-19,5.96,6.26,5.86,6.21,5.92,0.29000000000000004,4.9,33379.5,28662.485
002862.SZ,2021-02-22,6.23,6.56,6.21,6.3,6.21,0.08999999999999986,1.45,41825.94,37487.33
002862.SZ,2021-02-23,6.32,6.46,6.25,6.34,6.3,0.040000000000000036,0.63,31508.94,27969.446
002862.SZ,2021-02-24,6.46,6.98,6.38,6.98,6.34,0.6400000000000006,10.09,92317.48,87030.718
002862.SZ,2021-02-25,6.89,7.03,6.58,6.74,6.98,-0.2400000000000002,-3.44,128936.26,121859.786
002862.SZ,2021-02-26,6.55,7.42,6.43,7.33,6.74,0.5899999999999999,8.75,164708.22,162565.244
002862.SZ,2021-03-01,7.04,8.04,6.95,7.63,7.33,0.2999999999999998,4.09,188662.42,197027.376
002862.SZ,2021-03-02,7.5,7.5,6.88,6.9,7.63,-0.7299999999999995,-9.57,125706.0,126429.795
002862.SZ,2021-03-03,6.84,7.13,6.6,6.93,6.9,0.02999999999999936,0.43,86002.94,82695.012
002862.SZ,2021-03-04,6.85,7.2,6.85,7.0,6.93,0.07000000000000028,1.01,74158.5,73001.959
002862.SZ,2021-03-05,6.92,7.42,6.81,7.19,7.0,0.1900000000000004,2.71,99488.5,100750.19
002862.SZ,2021-03-08,7.15,7.91,7.06,7.91,7.19,0.7199999999999998,10.01,140143.5,149101.513
002862.SZ,2021-03-09,8.0,8.7,8.0,8.7,7.91,0.7899999999999991,9.99,192521.7,229982.026
002862.SZ,2021-03-10,8.03,8.7,7.83,7.83,8.7,-0.8699999999999992,-10.0,204991.7,234784.545
002862.SZ,2021-03-11,7.26,7.7,7.05,7.43,7.83,-0.40000000000000036,-5.11,148356.44,151892.747
002862.SZ,2021-03-12,7.43,8.17,7.42,8.17,7.43,0.7400000000000002,9.96,118619.68,132451.491
002862.SZ,2021-03-15,8.32,8.53,7.62,7.71,8.17,-0.45999999999999996,-5.63,177434.19,199891.018
002862.SZ,2021-03-16,7.68,8.27,7.48,8.12,7.71,0.40999999999999925,5.32,154267.25,169636.718
002862.SZ,2021-03-17,8.05,8.62,7.96,8.46,8.12,0.34000000000000163,4.19,164288.0,192271.471
002862.SZ,2021-03-18,8.3,8.45,7.99,8.15,8.46,-0.3100000000000005,-3.66,102605.5,117330.291
002862.SZ,2021-03-19,8.03,8.32,7.79,7.95,8.15,-0.20000000000000018,-2.45,94924.0,106715.629
002862.SZ,2021-03-22,7.87,7.91,7.6,7.68,7.95,-0.27000000000000046,-3.4,84872.0,91604.756
002862.SZ,2021-03-23,7.68,7.7,7.05,7.18,7.68,-0.5,-6.51,88444.0,90257.343
002862.SZ,2021-03-24,7.06,7.19,6.78,6.92,7.18,-0.2599999999999998,-3.62,66005.0,64445.126
002862.SZ,2021-03-25,6.92,7.23,6.78,6.96,6.92,0.040000000000000036,0.58,63289.0,62343.909
002862.SZ,2021-03-26,6.95,7.12,6.8,7.05,6.96,0.08999999999999986,1.29,40273.5,39404.603
002862.SZ,2021-03-29,7.08,7.17,6.9,6.96,7.05,-0.08999999999999986,-1.28,34687.0,34057.618
002862.SZ,2021-03-30,6.96,6.96,6.63,6.63,6.96,-0.33000000000000007,-4.74,54440.0,51371.859
002862.SZ,2021-03-31,6.63,6.97,6.55,6.85,6.63,0.21999999999999975,3.32,55005.7,52620.011
002862.SZ,2021-04-01,6.84,7.54,6.73,7.54,6.85,0.6900000000000004,10.07,113603.2,116092.423
002862.SZ,2021-04-02,7.48,7.9,7.16,7.31,7.54,-0.23000000000000043,-3.05,138608.7,145994.104
002862.SZ,2021-04-06,7.4,7.53,7.21,7.31,7.31,0.0,0.0,71919.0,74052.444
002862.SZ,2021-04-07,7.25,7.8,7.19,7.6,7.31,0.29000000000000004,3.97,96238.0,101430.691
002862.SZ,2021-04-08,7.5,7.89,7.43,7.53,7.6,-0.0699999999999994,-0.92,102541.0,109499.785
002862.SZ,2021-04-09,7.35,7.59,7.33,7.4,7.53,-0.1299999999999999,-1.73,59298.0,61798.785
002862.SZ,2021-04-12,7.41,7.62,7.12,7.2,7.4,-0.20000000000000018,-2.7,54279.0,55278.525
002862.SZ,2021-04-13,7.2,7.29,6.88,7.04,7.2,-0.16000000000000014,-2.22,45070.0,44529.474
002862.SZ,2021-04-14,7.04,7.15,6.92,7.02,7.04,-0.020000000000000462,-0.28,30981.0,30562.8
002862.SZ,2021-04-15,7.33,7.5,6.99,7.03,7.02,0.010000000000000675,0.14,69939.0,70834.543
002862.SZ,2021-04-16,6.93,7.73,6.93,7.73,7.03,0.7000000000000002,9.96,63867.0,67854.914
002862.SZ,2021-04-19,8.1,8.5,8.01,8.5,7.73,0.7699999999999996,9.96,128513.0,149453.538
002862.SZ,2021-04-20,8.59,8.92,8.02,8.17,8.5,-0.33000000000000007,-3.88,216625.01,251608.281
002862.SZ,2021-04-21,8.13,8.59,7.94,8.08,8.17,-0.08999999999999986,-1.1,138297.5,158483.199
002862.SZ,2021-04-22,7.9,8.26,7.81,8.0,8.08,-0.08000000000000007,-0.99,103435.0,115689.12
002862.SZ,2021-04-23,8.12,8.12,7.75,7.76,8.0,-0.2400000000000002,-3.0,84818.0,94103.486
002862.SZ,2021-04-26,7.69,7.82,7.5,7.56,7.76,-0.20000000000000018,-2.58,63598.0,68308.75
002862.SZ,2021-04-27,7.56,7.79,7.16,7.65,7.56,0.09000000000000075,1.19,90718.5,94834.243
002862.SZ,2021-04-28,7.49,7.58,7.3,7.43,7.65,-0.22000000000000064,-2.88,56311.0,58641.498
002862.SZ,2021-04-29,7.37,7.78,7.3,7.5,7.43,0.07000000000000028,0.94,79521.51,84278.833
002862.SZ,2021-04-30,7.4,7.43,7.06,7.13,7.5,-0.3700000000000001,-4.93,64991.0,65684.082
002862.SZ,2021-05-06,7.2,7.85,7.13,7.85,7.13,0.7199999999999998,10.1,72687.5,77630.396
002862.SZ,2021-05-07,8.05,8.12,7.7,7.85,7.85,0.0,0.0,122924.0,136116.383
002862.SZ,2021-05-10,7.86,8.19,7.78,8.18,7.85,0.33000000000000007,4.2,113079.0,127199.006
002862.SZ,2021-05-11,8.0,8.05,7.8,7.92,8.18,-0.2599999999999998,-3.18,71923.0,79663.033
002862.SZ,2021-05-12,7.81,8.15,7.78,8.05,7.92,0.13000000000000078,1.64,73238.0,81605.951
002862.SZ,2021-05-13,7.95,8.27,7.93,8.14,8.05,0.08999999999999986,1.12,89972.0,102650.195
002862.SZ,2021-05-14,8.13,8.15,7.95,8.05,8.14,-0.08999999999999986,-1.11,56043.5,63108.447
002862.SZ,2021-05-17,7.86,7.97,7.4,7.63,8.05,-0.4200000000000008,-5.22,66207.5,70238.125
002862.SZ,2021-05-18,7.65,7.87,7.54,7.75,7.63,0.1200000000000001,1.57,39581.0,42742.832
002862.SZ,2021-05-19,7.7,7.86,7.62,7.75,7.75,0.0,0.0,32092.5,34912.829
002862.SZ,2021-05-20,7.75,8.52,7.58,8.52,7.75,0.7699999999999996,9.94,83995.5,97562.154
002862.SZ,2021-05-21,8.72,9.38,8.71,9.38,8.52,0.8600000000000012,10.09,115300.0,147814.248
002862.SZ,2021-05-24,9.82,10.32,9.53,10.32,9.38,0.9399999999999995,10.02,196234.95,277557.993
002862.SZ,2021-05-25,9.99,10.77,9.64,10.13,10.32,-0.1899999999999995,-1.84,225905.01,322706.008
002862.SZ,2021-05-26,10.13,11.09,9.85,10.38,10.13,0.25,2.47,239591.45,352092.393
002862.SZ,2021-05-27,10.08,10.24,9.52,9.87,10.38,-0.5100000000000016,-4.91,195590.44,268566.904
002862.SZ,2021-05-28,9.87,10.86,9.65,10.86,9.87,0.9900000000000002,10.03,233612.0,335107.948
002862.SZ,2021-05-31,10.91,11.34,10.29,10.79,10.86,-0.07000000000000028,-0.64,213529.0,323005.613
002862.SZ,2021-06-01,10.92,11.77,10.81,10.96,10.79,0.1700000000000017,1.58,208415.5,331092.124
002862.SZ,2021-06-02,10.42,10.91,9.99,10.01,10.96,-0.9500000000000011,-8.67,159640.01,232030.719
002862.SZ,2021-06-03,10.05,10.23,9.63,10.21,10.01,0.20000000000000107,2.0,109861.01,153158.426
002862.SZ,2021-06-04,9.93,10.23,9.71,9.89,10.21,-0.3200000000000003,-3.13,80238.0,112389.96
002862.SZ,2021-06-07,9.89,9.98,9.52,9.67,9.89,-0.22000000000000064,-2.22,81065.5,110153.135
002862.SZ,2021-06-08,9.7,10.64,9.59,10.64,9.67,0.9700000000000006,10.03,112529.89,161068.088
002862.SZ,2021-06-09,10.96,11.13,10.13,10.21,10.64,-0.4299999999999997,-4.04,119134.5,174359.056
002862.SZ,2021-06-10,10.43,10.48,9.89,10.12,10.21,-0.09000000000000163,-0.88,77539.0,109323.205
002862.SZ,2021-06-11,9.94,11.13,9.88,11.13,10.12,1.0100000000000016,9.98,141019.5,213295.474
002862.SZ,2021-06-15,11.07,11.07,10.02,10.29,11.13,-0.8400000000000016,-7.55,136285.0,196220.054
002862.SZ,2021-06-16,10.2,11.16,9.63,10.57,10.29,0.28000000000000114,2.72,124408.07,182144.746
002862.SZ,2021-06-17,10.68,11.63,10.49,11.44,10.57,0.8699999999999992,8.23,194302.06,311358.9
002862.SZ,2021-06-18,11.09,11.41,10.65,11.18,11.44,-0.2599999999999998,-2.27,165317.56,254324.227
002862.SZ,2021-06-21,10.93,11.94,10.69,11.9,11.18,0.7200000000000006,6.44,166933.5,266793.038
002862.SZ,2021-06-22,11.7,12.52,11.42,11.97,11.9,0.07000000000000028,0.59,144866.5,244269.678
002862.SZ,2021-06-23,11.89,12.16,11.59,11.68,11.97,-0.2900000000000009,-2.42,98852.5,164034.014
002862.SZ,2021-06-24,11.56,11.91,11.23,11.35,11.68,-0.33000000000000007,-2.83,69564.5,111617.903
002862.SZ,2021-06-25,11.34,11.98,11.13,11.71,11.35,0.3600000000000012,3.17,90868.0,148921.514
002862.SZ,2021-06-28,11.41,12.03,11.13,11.83,11.71,0.11999999999999922,1.02,88898.56,144370.64
002862.SZ,2021-06-29,11.77,12.02,11.54,11.74,11.83,-0.08999999999999986,-0.76,62697.5,103483.144
002862.SZ,2021-06-30,11.67,11.81,11.23,11.35,11.74,-0.39000000000000057,-3.32,55785.0,89286.789
002862.SZ,2021-07-01,11.3,11.56,10.74,10.76,11.35,-0.5899999999999999,-5.2,51423.89,80705.972
002862.SZ,2021-07-02,10.76,11.23,10.49,10.77,10.76,0.009999999999999787,0.09,41319.5,62959.892
002862.SZ,2021-07-05,10.7,10.99,10.59,10.81,10.77,0.040000000000000924,0.37,34584.0,52228.168
002862.SZ,2021-07-06,10.7,10.79,10.05,10.17,10.81,-0.6400000000000006,-5.92,81421.39,117758.409
002862.SZ,2021-07-07,10.19,10.32,9.96,10.07,10.17,-0.09999999999999964,-0.98,42998.5,60886.368
002862.SZ,2021-07-08,10.04,10.13,9.72,9.75,10.07,-0.3200000000000003,-3.18,46566.5,64493.415
002862.SZ,2021-07-09,9.7,10.36,9.7,10.26,9.75,0.5099999999999998,5.23,60626.0,86075.698
002862.SZ,2021-07-12,10.25,10.38,10.04,10.11,10.26,-0.15000000000000036,-1.46,42108.0,60098.274
002862.SZ,2021-07-13,10.11,10.27,9.84,10.02,10.11,-0.08999999999999986,-0.89,27496.0,38447.622
002862.SZ,2021-07-14,9.99,10.21,9.84,10.13,10.02,0.11000000000000121,1.1,34885.25,49185.798
002862.SZ,2021-07-15,10.1,10.11,9.66,9.72,10.13,-0.41000000000000014,-4.05,33451.5,45894.331
002862.SZ,2021-07-16,9.72,9.84,9.19,9.19,9.72,-0.5300000000000011,-5.45,52108.0,68436.123
002862.SZ,2021-07-19,9.17,9.2,8.84,9.07,9.19,-0.11999999999999922,-1.31,33871.5,42814.471
002862.SZ,2021-07-20,9.17,9.21,8.87,9.21,9.07,0.14000000000000057,1.54,32112.0,40863.368
002862.SZ,2021-07-21,9.45,9.86,9.36,9.39,9.21,0.17999999999999972,1.95,44528.49,59558.024
002862.SZ,2021-07-22,9.35,9.44,9.06,9.09,9.39,-0.3000000000000007,-3.19,38942.49,50482.054
002862.SZ,2021-07-23,9.12,9.18,8.74,8.77,9.09,-0.3200000000000003,-3.52,30404.5,37753.056
002862.SZ,2021-07-26,8.78,8.82,8.36,8.53,8.77,-0.2400000000000002,-2.74,28955.0,34756.634
002862.SZ,2021-07-27,8.48,8.77,8.48,8.51,8.53,-0.019999999999999574,-0.23,26015.5,31459.602
002862.SZ,2021-07-28,8.22,8.63,8.07,8.6,8.51,0.08999999999999986,1.06,27857.5,32682.005
002862.SZ,2021-07-29,8.69,8.85,8.45,8.46,8.6,-0.1399999999999988,-1.63,29092.0,35136.388
002862.SZ,2021-07-30,8.31,8.47,8.07,8.17,8.46,-0.2900000000000009,-3.43,32614.5,37732.988
002862.SZ,2021-08-02,8.16,8.47,7.97,8.41,8.17,0.2400000000000002,2.94,32843.0,38016.38
002862.SZ,2021-08-03,8.4,8.69,8.3,8.51,8.41,0.09999999999999964,1.19,31446.26,37650.964
002862.SZ,2021-08-04,8.61,9.13,8.55,8.68,8.51,0.16999999999999993,2.0,52528.24,64762.309
002862.SZ,2021-08-05,8.68,8.8,8.3,8.32,8.68,-0.35999999999999943,-4.15,34806.99,41546.633
002862.SZ,2021-08-06,8.27,8.3,8.05,8.2,8.32,-0.120000000000001,-1.44,23519.0,26845.363
002862.SZ,2021-08-09,8.22,9.01,8.2,8.96,8.2,0.7600000000000016,9.27,57963.5,70768.067
002862.SZ,2021-08-10,8.96,9.55,8.82,9.39,8.96,0.4299999999999997,4.8,69140.0,90419.519
002862.SZ,2021-08-11,9.54,10.34,9.32,10.34,9.39,0.9499999999999993,10.12,81068.31,113514.92
002862.SZ,2021-08-12,10.71,10.71,10.01,10.06,10.34,-0.27999999999999936,-2.71,91195.5,130923.12
002862.SZ,2021-08-13,10.36,10.4,9.78,9.96,10.06,-0.09999999999999964,-0.99,42249.5,59024.412
002862.SZ,2021-08-16,9.79,10.29,9.74,9.97,9.96,0.009999999999999787,0.1,55885.0,78973.095
002862.SZ,2021-08-17,10.15,10.75,9.93,10.5,9.97,0.5299999999999994,5.32,80334.5,117440.699
002862.SZ,2021-08-18,10.49,10.69,10.21,10.37,10.5,-0.13000000000000078,-1.24,41952.0,61173.01
002862.SZ,2021-08-19,10.34,10.98,10.2,10.7,10.37,0.33000000000000007,3.18,55334.0,83299.91
002862.SZ,2021-08-20,10.56,11.08,10.34,10.5,10.7,-0.1999999999999993,-1.87,47169.0,70626.652
002862.SZ,2021-08-23,10.5,10.86,10.34,10.76,10.5,0.2599999999999998,2.48,38762.5,58200.989
002862.SZ,2021-08-24,10.99,10.99,10.61,10.79,10.76,0.02999999999999936,0.28,37417.5,56529.465
002862.SZ,2021-08-25,10.76,10.89,10.33,10.37,10.79,-0.41999999999999993,-3.89,43344.0,63749.17
002862.SZ,2021-08-26,10.61,10.78,10.31,10.64,10.37,0.27000000000000135,2.6,34357.51,50956.767
002862.SZ,2021-08-27,10.68,10.95,10.2,10.66,10.64,0.019999999999999574,0.19,48038.0,71462.121
002862.SZ,2021-08-30,10.55,10.66,10.21,10.41,10.66,-0.25,-2.35,33779.5,49298.475
002862.SZ,2021-08-31,10.59,10.84,10.29,10.5,10.41,0.08999999999999986,0.86,32657.0,48346.743
002862.SZ,2021-09-01,10.69,10.73,10.21,10.42,10.5,-0.08000000000000007,-0.76,18858.57,27530.694
002862.SZ,2021-09-02,10.54,10.54,10.06,10.27,10.42,-0.15000000000000036,-1.44,24109.0,34435.013
002862.SZ,2021-09-03,10.29,11.13,10.29,10.98,10.27,0.7100000000000009,6.91,54261.08,82109.282
002862.SZ,2021-09-06,10.98,11.27,10.56,10.9,10.98,-0.08000000000000007,-0.73,50861.5,77229.769
002862.SZ,2021-09-07,10.9,11.2,10.67,10.78,10.9,-0.120000000000001,-1.1,37036.5,56538.9
002862.SZ,2021-09-08,10.79,11.57,10.66,11.36,10.78,0.5800000000000001,5.38,49303.5,77084.66
002862.SZ,2021-09-09,11.35,11.35,10.75,10.79,11.36,-0.5700000000000003,-5.02,36106.35,55381.01
002862.SZ,2021-09-10,10.84,10.9,10.59,10.75,10.79,-0.03999999999999915,-0.37,21900.13,32972.918
002862.SZ,2021-09-13,10.75,11.06,10.59,10.96,10.75,0.21000000000000085,1.95,19744.0,30075.463
002862.SZ,2021-09-14,10.98,11.51,10.7,11.32,10.96,0.35999999999999943,3.28,37193.5,57953.395
002862.SZ,2021-09-15,11.22,11.22,10.79,10.98,11.32,-0.33999999999999986,-3.0,40820.0,62429.968
002862.SZ,2021-09-16,10.99,11.55,10.86,11.16,10.98,0.17999999999999972,1.64,49106.08,78166.756
002862.SZ,2021-09-17,11.16,11.76,11.13,11.48,11.16,0.3200000000000003,2.87,44332.08,71656.248
002862.SZ,2021-09-22,11.42,11.79,11.17,11.64,11.48,0.16000000000000014,1.39,33406.93,53719.001
002862.SZ,2021-09-23,11.66,11.76,11.38,11.59,11.64,-0.05000000000000071,-0.43,26343.24,42588.398
002862.SZ,2021-09-24,11.53,11.53,10.92,11.08,11.59,-0.5099999999999998,-4.4,28343.01,44616.441
002862.SZ,2021-09-27,11.08,11.18,10.25,10.34,11.08,-0.7400000000000002,-6.68,34012.12,50561.912
002862.SZ,2021-09-28,10.5,10.97,10.09,10.79,10.34,0.4499999999999993,4.35,45260.46,66832.107
002862.SZ,2021-09-29,10.78,10.89,10.41,10.49,10.79,-0.29999999999999893,-2.78,23022.75,34422.756
002862.SZ,2021-09-30,10.49,11.27,10.49,11.11,10.49,0.6199999999999992,5.91,26036.5,39866.376
002862.SZ,2021-10-08,11.16,11.74,11.16,11.63,11.11,0.5200000000000014,4.68,35488.99,57356.692
002862.SZ,2021-10-11,11.63,12.1,11.53,11.72,11.63,0.08999999999999986,0.77,25510.5,42178.921
002862.SZ,2021-10-12,11.71,11.95,11.43,11.75,11.72,0.02999999999999936,0.26,23508.5,38788.837
002862.SZ,2021-10-13,11.76,11.98,11.43,11.72,11.75,-0.02999999999999936,-0.26,18328.0,30021.887
002862.SZ,2021-10-14,11.72,12.2,11.54,12.09,11.72,0.3699999999999992,3.16,21260.12,35519.116
002862.SZ,2021-10-15,12.38,12.38,11.81,12.04,12.09,-0.05000000000000071,-0.41,20998.64,35341.932
002862.SZ,2021-10-18,12.06,12.38,11.88,12.05,12.04,0.010000000000001563,0.08,22758.9,38528.192
002862.SZ,2021-10-19,12.05,12.1,11.77,11.93,12.05,-0.120000000000001,-1.0,15446.9,25890.051
002862.SZ,2021-10-20,11.97,11.97,11.51,11.76,11.93,-0.16999999999999993,-1.42,16622.46,27299.718
002862.SZ,2021-10-21,11.76,11.84,11.48,11.58,11.76,-0.17999999999999972,-1.53,14355.5,23455.252
002862.SZ,2021-10-22,11.58,11.58,11.07,11.15,11.58,-0.4299999999999997,-3.71,17068.0,26935.531
002862.SZ,2021-10-25,11.06,11.28,10.81,11.19,11.15,0.03999999999999915,0.36,9571.0,14852.187
002862.SZ,2021-10-26,11.19,11.41,10.84,10.93,11.19,-0.2599999999999998,-2.32,15127.5,23282.702
002862.SZ,2021-10-27,10.92,11.03,10.52,10.72,10.93,-0.20999999999999908,-1.92,23945.75,36039.638
002862.SZ,2021-10-28,10.77,10.77,10.27,10.59,10.72,-0.13000000000000078,-1.21,12729.75,18758.402
002862.SZ,2021-10-29,10.47,10.63,10.06,10.24,10.59,-0.34999999999999964,-3.31,23658.9,34239.764
002862.SZ,2021-11-01,10.31,11.19,10.19,10.86,10.24,0.6199999999999992,6.05,27995.4,42699.068
002862.SZ,2021-11-02,10.87,11.07,10.11,10.39,10.86,-0.46999999999999886,-4.33,30771.5,45280.594
002862.SZ,2021-11-03,10.46,11.43,10.41,11.43,10.39,1.0399999999999991,10.01,20213.99,31580.913
002862.SZ,2021-11-04,11.58,12.22,10.86,11.52,11.43,0.08999999999999986,0.79,62830.71,100339.066
002862.SZ,2021-11-05,11.52,12.21,11.18,11.96,11.52,0.4400000000000013,3.82,49424.99,81975.091
002862.SZ,2021-11-08,11.75,11.91,11.43,11.59,11.96,-0.370000000000001,-3.09,35754.33,58095.386
002862.SZ,2021-11-09,11.42,11.81,11.42,11.56,11.59,-0.02999999999999936,-0.26,25713.5,41835.845
002862.SZ,2021-11-10,11.49,11.69,11.43,11.54,11.56,-0.02000000000000135,-0.17,13232.5,21440.479
002862.SZ,2021-11-11,11.55,11.61,11.21,11.26,11.54,-0.27999999999999936,-2.43,19959.9,31921.209
002862.SZ,2021-11-12,11.36,11.36,10.71,10.86,11.26,-0.40000000000000036,-3.55,25331.5,38799.46
002862.SZ,2021-11-15,10.9,10.98,10.6,10.77,10.86,-0.08999999999999986,-0.83,30093.0,45436.137
002862.SZ,2021-11-16,10.71,10.81,10.35,10.48,10.77,-0.28999999999999915,-2.69,36875.0,54529.649
002862.SZ,2021-11-17,10.49,10.63,10.37,10.58,10.48,0.09999999999999964,0.95,18532.5,27331.602
002862.SZ,2021-11-18,10.59,10.59,10.26,10.31,10.58,-0.2699999999999996,-2.55,20690.5,29988.246
002862.SZ,2021-11-19,10.31,10.5,10.2,10.43,10.31,0.11999999999999922,1.16,18767.0,27243.636
002862.SZ,2021-11-22,10.46,10.61,10.38,10.46,10.43,0.030000000000001137,0.29,15269.0,22373.369
002862.SZ,2021-11-23,10.56,10.57,10.34,10.45,10.46,-0.010000000000001563,-0.1,14410.0,21045.829
002862.SZ,2021-11-24,10.41,10.55,10.27,10.49,10.45,0.040000000000000924,0.38,15513.0,22704.365
002862.SZ,2021-11-25,10.69,10.83,10.39,10.41,10.49,-0.08000000000000007,-0.76,27294.54,40371.621
002862.SZ,2021-11-26,10.37,10.79,10.15,10.51,10.41,0.09999999999999964,0.96,32320.53,47286.067
002862.SZ,2021-11-29,10.4,10.61,10.2,10.39,10.51,-0.11999999999999922,-1.14,34054.92,49440.791
002862.SZ,2021-11-30,10.47,10.9,10.33,10.69,10.39,0.29999999999999893,2.89,42008.49,62929.165
002862.SZ,2021-12-01,10.7,10.84,10.57,10.66,10.69,-0.02999999999999936,-0.28,30094.5,45137.464
002862.SZ,2021-12-02,10.66,10.76,10.35,10.44,10.66,-0.22000000000000064,-2.06,22204.0,32678.409
002862.SZ,2021-12-03,10.44,10.59,10.31,10.43,10.44,-0.009999999999999787,-0.1,16379.0,23894.873
002862.SZ,2021-12-06,10.35,10.49,9.99,9.99,10.43,-0.4399999999999995,-4.22,30125.96,43044.404
002862.SZ,2021-12-07,10.04,10.16,9.75,9.92,9.99,-0.07000000000000028,-0.7,19397.49,27028.822
002862.SZ,2021-12-08,9.99,10.01,9.79,9.88,9.92,-0.03999999999999915,-0.4,13635.39,18882.126
002862.SZ,2021-12-09,9.91,9.96,9.74,9.93,9.88,0.049999999999998934,0.51,18871.68,26111.299
002862.SZ,2021-12-10,9.94,10.15,9.85,10.06,9.93,0.13000000000000078,1.31,19416.5,27320.205
002862.SZ,2021-12-13,10.13,10.24,10.05,10.06,10.06,0.0,0.0,18057.43,25622.089
002862.SZ,2021-12-14,10.01,10.09,9.93,9.99,10.06,-0.07000000000000028,-0.7,15116.11,21187.987
002862.SZ,2021-12-15,9.99,10.02,9.82,9.82,9.99,-0.16999999999999993,-1.7,16974.0,23549.901
002862.SZ,2021-12-16,9.82,9.96,9.77,9.93,9.82,0.10999999999999943,1.12,12635.0,17496.276
002862.SZ,2021-12-17,9.94,9.96,9.62,9.64,9.93,-0.28999999999999915,-2.92,21747.99,29673.006
002862.SZ,2021-12-20,9.68,9.75,9.59,9.61,9.64,-0.030000000000001137,-0.31,11443.7,15483.261
002862.SZ,2021-12-21,9.64,9.67,9.49,9.49,9.61,-0.11999999999999922,-1.25,18027.33,24244.796
002862.SZ,2021-12-22,9.49,9.82,9.43,9.77,9.49,0.27999999999999936,2.95,22697.03,30627.471
002862.SZ,2021-12-23,9.7,9.76,9.39,9.46,9.77,-0.3099999999999987,-3.17,30023.03,40046.988
002862.SZ,2021-12-24,9.44,9.44,8.72,8.74,9.46,-0.7200000000000006,-7.61,40546.4,50793.193
002862.SZ,2021-12-27,8.79,9.37,8.7,9.13,8.74,0.39000000000000057,4.46,29228.63,37166.494
002862.SZ,2021-12-28,9.14,9.32,9.09,9.2,9.13,0.06999999999999851,0.77,16994.0,21909.779
002862.SZ,2021-12-29,9.17,9.62,9.09,9.47,9.2,0.27000000000000135,2.93,24746.05,32654.405
002862.SZ,2021-12-30,9.48,10.4,9.48,9.94,9.47,0.46999999999999886,4.96,65968.73,92646.089
002862.SZ,2021-12-31,9.99,10.37,9.79,10.09,9.94,0.15000000000000036,1.51,47210.39,67337.001
002862.SZ,2022-01-04,10.05,10.22,9.99,10.19,10.09,0.09999999999999964,0.99,39178.0,55478.37
002862.SZ,2022-01-05,10.24,10.91,10.11,10.36,10.19,0.16999999999999993,1.67,50977.46,75161.669
002862.SZ,2022-01-06,10.14,11.16,10.14,10.79,10.36,0.4299999999999997,4.15,74826.73,113539.499
002862.SZ,2022-01-07,11.56,11.83,10.35,10.35,10.79,-0.4399999999999995,-4.08,109908.88,168874.037
002862.SZ,2022-01-10,10.26,10.61,10.14,10.56,10.35,0.21000000000000085,2.03,40324.0,58955.791
002862.SZ,2022-01-11,10.46,11.33,10.46,10.81,10.56,0.25,2.37,49626.5,75893.22
002862.SZ,2022-01-12,10.63,10.91,10.49,10.7,10.81,-0.11000000000000121,-1.02,32670.0,49047.207
002862.SZ,2022-01-13,10.84,10.89,10.51,10.64,10.7,-0.05999999999999872,-0.56,21240.12,31830.251
002862.SZ,2022-01-14,10.81,10.81,10.26,10.39,10.64,-0.25,-2.35,21814.85,32063.589
002862.SZ,2022-01-17,10.39,10.56,10.22,10.31,10.39,-0.08000000000000007,-0.77,30592.83,44514.995
002862.SZ,2022-01-18,10.34,10.34,9.72,9.73,10.31,-0.5800000000000001,-5.63,30216.33,41977.626
002862.SZ,2022-01-19,9.74,10.13,9.65,10.09,9.73,0.35999999999999943,3.7,23117.83,32309.278
002862.SZ,2022-01-20,10.09,10.21,9.54,9.55,10.09,-0.5399999999999991,-5.35,21880.5,29895.086
002862.SZ,2022-01-21,9.55,9.72,9.37,9.64,9.55,0.08999999999999986,0.94,12957.0,17349.556
002862.SZ,2022-01-24,9.51,9.69,9.3,9.37,9.64,-0.27000000000000135,-2.8,16781.0,22185.201
002862.SZ,2022-01-25,9.31,9.41,8.92,9.02,9.37,-0.34999999999999964,-3.74,14427.0,18332.53
002862.SZ,2022-01-26,9.09,9.17,8.82,8.95,9.02,-0.07000000000000028,-0.78,13524.0,17010.659
002862.SZ,2022-01-27,8.99,8.99,8.66,8.67,8.95,-0.27999999999999936,-3.13,15655.0,19160.701
002862.SZ,2022-01-28,8.74,9.26,8.74,9.15,8.67,0.4800000000000004,5.54,16036.0,20272.269
002862.SZ,2022-02-07,9.19,9.43,8.99,9.34,9.15,0.1899999999999995,2.08,17818.0,23006.982
002862.SZ,2022-02-08,9.35,9.71,9.24,9.59,9.34,0.25,2.68,16350.0,21851.021
002862.SZ,2022-02-09,9.59,9.67,9.49,9.54,9.59,-0.05000000000000071,-0.52,12478.0,16720.229
002862.SZ,2022-02-10,9.58,9.79,9.34,9.37,9.54,-0.16999999999999993,-1.78,17402.0,23149.278
002862.SZ,2022-02-11,9.4,9.42,9.06,9.16,9.37,-0.20999999999999908,-2.24,13307.5,17090.311
002862.SZ,2022-02-14,9.04,9.4,9.02,9.27,9.16,0.10999999999999943,1.2,15371.5,19912.269
002862.SZ,2022-02-15,9.26,9.32,9.06,9.17,9.27,-0.09999999999999964,-1.08,15031.0,19311.844
002862.SZ,2022-02-16,9.12,9.37,9.06,9.35,9.17,0.17999999999999972,1.96,15754.5,20467.958
002862.SZ,2022-02-17,9.34,9.44,9.17,9.19,9.35,-0.16000000000000014,-1.71,12941.0,16801.412
002862.SZ,2022-02-18,9.24,9.3,9.1,9.29,9.19,0.09999999999999964,1.09,10633.5,13745.155
002862.SZ,2022-02-21,9.29,9.52,9.15,9.47,9.29,0.1800000000000015,1.94,16438.5,21666.697
002862.SZ,2022-02-22,9.54,9.54,9.26,9.27,9.47,-0.20000000000000107,-2.11,15568.5,20437.69
002862.SZ,2022-02-23,9.29,9.47,9.22,9.34,9.27,0.07000000000000028,0.76,11885.0,15553.31
002862.SZ,2022-02-24,9.32,9.42,8.92,8.98,9.34,-0.35999999999999943,-3.85,28490.82,36575.714
002862.SZ,2022-02-25,9.02,9.4,9.02,9.15,8.98,0.16999999999999993,1.89,15228.5,19605.074
002862.SZ,2022-02-28,9.15,9.17,8.85,9.0,9.15,-0.15000000000000036,-1.64,12505.51,15739.724
002862.SZ,2022-03-01,9.08,9.29,9.01,9.17,9.0,0.16999999999999993,1.89,11095.0,14271.99
002862.SZ,2022-03-02,9.13,9.37,9.13,9.27,9.17,0.09999999999999964,1.09,16473.51,21341.917
002862.SZ,2022-03-03,9.21,9.32,9.13,9.22,9.27,-0.049999999999998934,-0.54,12552.0,16239.832
002862.SZ,2022-03-04,9.1,9.34,9.07,9.16,9.22,-0.0600000000000005,-0.65,16012.0,20663.653
002862.SZ,2022-03-07,9.12,10.07,9.11,10.07,9.16,0.9100000000000001,9.93,51871.0,71651.588
002862.SZ,2022-03-08,9.85,9.85,9.22,9.59,10.07,-0.4800000000000004,-4.77,91499.52,121709.159
002862.SZ,2022-03-09,9.34,9.52,8.67,8.99,9.59,-0.5999999999999996,-6.26,55025.96,70655.827
002862.SZ,2022-03-10,9.13,9.89,9.13,9.45,8.99,0.4599999999999991,5.12,64921.4,86620.325
002862.SZ,2022-03-11,9.07,9.41,8.99,9.23,9.45,-0.21999999999999886,-2.33,44119.68,56973.938
002862.SZ,2022-03-14,9.23,9.27,8.72,8.74,9.23,-0.4900000000000002,-5.31,36815.5,45795.927
002862.SZ,2022-03-15,8.74,8.84,8.01,8.05,8.74,-0.6899999999999995,-7.89,39074.94,45864.385
002862.SZ,2022-03-16,8.14,8.31,7.92,8.27,8.05,0.21999999999999886,2.73,23003.52,26348.718
002862.SZ,2022-03-17,8.37,8.53,8.25,8.34,8.27,0.07000000000000028,0.85,18937.5,22348.51
002862.SZ,2022-03-18,8.38,9.08,8.28,8.94,8.34,0.5999999999999996,7.19,38356.35,47117.857
002862.SZ,2022-03-21,8.93,9.01,8.86,8.97,8.94,0.030000000000001137,0.34,18382.0,23017.925
002862.SZ,2022-03-22,8.97,8.97,8.77,8.87,8.97,-0.10000000000000142,-1.11,13792.0,17163.102
002862.SZ,2022-03-23,8.82,8.92,8.77,8.81,8.87,-0.05999999999999872,-0.68,12701.0,15727.435
002862.SZ,2022-03-24,8.77,8.84,8.63,8.77,8.81,-0.040000000000000924,-0.45,14478.0,17733.369
002862.SZ,2022-03-25,8.77,8.94,8.71,8.82,8.77,0.05000000000000071,0.57,11385.0,14145.624
002862.SZ,2022-03-28,8.77,8.83,8.64,8.74,8.82,-0.08000000000000007,-0.91,11165.0,13671.257
002862.SZ,2022-03-29,8.74,8.95,8.65,8.67,8.74,-0.07000000000000028,-0.8,12742.52,15700.399
002862.SZ,2022-03-30,8.8,8.8,8.53,8.62,8.67,-0.05000000000000071,-0.58,14318.0,17297.351
002862.SZ,2022-03-31,8.73,8.8,8.55,8.65,8.62,0.030000000000001137,0.35,9279.5,11304.255
002862.SZ,2022-04-01,8.56,8.67,8.49,8.49,8.65,-0.16000000000000014,-1.85,10817.0,12933.392
002862.SZ,2022-04-06,8.57,8.89,8.42,8.65,8.49,0.16000000000000014,1.88,17564.5,21501.419
002862.SZ,2022-04-07,8.65,8.7,8.39,8.4,8.65,-0.25,-2.89,13681.5,16291.339
002862.SZ,2022-04-08,8.49,8.52,8.17,8.41,8.4,0.009999999999999787,0.12,14461.0,16923.269
002862.SZ,2022-04-11,8.35,8.53,8.07,8.22,8.41,-0.1899999999999995,-2.26,17730.0,20634.142
002862.SZ,2022-04-12,8.22,8.56,8.04,8.49,8.22,0.2699999999999996,3.28,16182.0,18873.444
002862.SZ,2022-04-13,8.49,8.62,8.24,8.27,8.49,-0.22000000000000064,-2.59,14051.54,16493.271
002862.SZ,2022-04-14,8.27,8.47,8.23,8.32,8.27,0.05000000000000071,0.6,11634.09,13654.077
002862.SZ,2022-04-15,8.32,8.32,8.02,8.07,8.32,-0.25,-3.0,10442.0,11886.421
002862.SZ,2022-04-18,7.96,8.2,7.89,8.16,8.07,0.08999999999999986,1.12,7905.74,8968.412
002862.SZ,2022-04-19,8.34,8.35,8.05,8.15,8.16,-0.009999999999999787,-0.12,8994.5,10310.736
002862.SZ,2022-04-20,8.15,8.26,7.96,8.1,8.15,-0.05000000000000071,-0.61,11513.77,13070.926
002862.SZ,2022-04-21,8.02,8.13,7.78,7.82,8.1,-0.27999999999999936,-3.46,12554.0,13934.366
002862.SZ,2022-04-22,7.79,7.87,7.56,7.81,7.82,-0.010000000000000675,-0.13,13366.0,14489.268
002862.SZ,2022-04-25,7.75,7.75,7.03,7.03,7.81,-0.7799999999999994,-9.99,15252.75,15652.514
002862.SZ,2022-04-26,7.0,7.29,6.81,6.92,7.03,-0.11000000000000032,-1.56,16055.5,15775.128
002862.SZ,2022-04-27,6.78,6.98,6.58,6.94,6.92,0.020000000000000462,0.29,12838.5,12162.031
002862.SZ,2022-04-28,6.76,6.88,6.56,6.58,6.94,-0.3600000000000003,-5.19,13019.75,12166.067
002862.SZ,2022-04-29,6.56,7.06,6.56,6.93,6.58,0.34999999999999964,5.32,16336.24,15717.521
002862.SZ,2022-05-05,7.0,7.37,6.81,7.3,6.93,0.3700000000000001,5.34,11830.97,11869.467
002862.SZ,2022-05-06,6.93,7.25,6.93,7.13,7.3,-0.16999999999999993,-2.33,11239.5,11192.711
002862.SZ,2022-05-09,7.13,7.41,7.01,7.25,7.13,0.1200000000000001,1.68,7176.0,7329.687
002862.SZ,2022-05-10,7.2,7.47,7.15,7.4,7.25,0.15000000000000036,2.07,9477.5,9767.582
002862.SZ,2022-05-11,7.4,7.56,7.22,7.22,7.4,-0.1800000000000006,-2.43,9730.0,10106.854
002862.SZ,2022-05-12,7.25,7.45,7.2,7.33,7.22,0.11000000000000032,1.52,9640.5,9894.936
002862.SZ,2022-05-13,7.44,7.48,7.31,7.38,7.33,0.04999999999999982,0.68,8477.79,8778.612
002862.SZ,2022-05-16,7.49,7.59,7.35,7.5,7.38,0.1200000000000001,1.63,8968.2,9393.826
002862.SZ,2022-05-17,7.5,7.53,7.28,7.5,7.5,0.0,0.0,8990.0,9318.228
002862.SZ,2022-05-18,7.48,7.65,7.38,7.56,7.5,0.05999999999999961,0.8,10781.23,11410.655
002862.SZ,2022-05-19,7.43,7.65,7.43,7.6,7.56,0.040000000000000036,0.53,11734.5,12453.786
002862.SZ,2022-05-20,7.67,7.68,7.51,7.55,7.6,-0.04999999999999982,-0.66,9124.0,9688.493
002862.SZ,2022-05-23,7.63,7.79,7.58,7.65,7.55,0.10000000000000053,1.32,11344.47,12210.626
002862.SZ,2022-05-24,8.42,8.42,8.42,8.42,7.65,0.7699999999999996,10.07,16869.52,19906.034
002862.SZ,2022-05-25,8.92,9.26,8.56,9.26,8.42,0.8399999999999999,9.98,57595.36,72600.834
002862.SZ,2022-05-26,9.27,10.11,8.72,8.76,9.26,-0.5,-5.4,139672.34,183916.974
002862.SZ,2022-05-27,8.37,8.45,7.99,8.1,8.76,-0.6600000000000001,-7.53,94931.49,108599.119
002862.SZ,2022-05-30,7.95,8.09,7.81,7.89,8.1,-0.20999999999999996,-2.59,54034.51,59820.792
002862.SZ,2022-05-31,7.86,7.94,7.68,7.78,7.89,-0.10999999999999943,-1.39,34899.9,38070.899
002862.SZ,2022-06-01,7.75,7.95,7.75,7.8,7.78,0.019999999999999574,0.26,29632.64,32576.089
002862.SZ,2022-06-02,7.84,7.95,7.65,7.87,7.8,0.07000000000000028,0.9,28435.44,31162.161
002862.SZ,2022-06-06,7.85,8.02,7.82,8.0,7.87,0.1299999999999999,1.65,23474.11,26100.944
002862.SZ,2022-06-07,8.04,8.05,7.71,7.77,8.0,-0.23000000000000043,-2.88,23182.74,25443.014
002862.SZ,2022-06-08,7.77,7.9,7.64,7.85,7.77,0.08000000000000007,1.03,23853.0,26025.814
002862.SZ,2022-06-09,7.75,7.82,7.68,7.69,7.85,-0.15999999999999925,-2.04,16543.0,17982.855
002862.SZ,2022-06-10,7.65,7.79,7.62,7.75,7.69,0.05999999999999961,0.78,14799.0,16028.507
002862.SZ,2022-06-13,7.78,7.84,7.65,7.7,7.75,-0.04999999999999982,-0.65,10624.74,11531.244
002862.SZ,2022-06-14,7.65,7.7,7.38,7.58,7.7,-0.1200000000000001,-1.56,19122.63,20086.273
002862.SZ,2022-06-15,7.53,7.65,7.52,7.56,7.58,-0.020000000000000462,-0.26,11462.89,12224.838
002862.SZ,2022-06-16,7.56,7.73,7.48,7.7,7.56,0.14000000000000057,1.85,15535.47,16719.147
002862.SZ,2022-06-17,7.72,7.8,7.53,7.61,7.7,-0.08999999999999986,-1.17,15355.74,16439.378
002862.SZ,2022-06-20,7.63,7.76,7.62,7.68,7.61,0.0699999999999994,0.92,11266.0,12144.429
002862.SZ,2022-06-21,7.7,7.83,7.67,7.8,7.68,0.1200000000000001,1.56,19329.74,21012.409
002862.SZ,2022-06-22,7.83,7.92,7.75,7.77,7.8,-0.03000000000000025,-0.38,16400.74,18006.569
002862.SZ,2022-06-23,7.69,7.83,7.69,7.82,7.77,0.05000000000000071,0.64,10986.0,11989.837
002862.SZ,2022-06-24,7.83,7.86,7.76,7.84,7.82,0.019999999999999574,0.26,12023.0,13194.028
002862.SZ,2022-06-27,7.84,7.95,7.8,7.94,7.84,0.10000000000000053,1.28,15919.5,17614.238
002862.SZ,2022-06-28,7.97,8.2,7.87,8.15,7.94,0.20999999999999996,2.64,20702.24,23468.53
002862.SZ,2022-06-29,8.13,8.21,7.99,8.0,8.15,-0.15000000000000036,-1.84,15350.0,17330.451
002862.SZ,2022-06-30,8.06,8.18,7.97,8.04,8.0,0.03999999999999915,0.5,15161.0,17130.86
002862.SZ,2022-07-01,8.1,8.1,7.89,8.07,8.04,0.030000000000001137,0.37,10169.5,11391.497
002862.SZ,2022-07-04,8.07,8.16,7.92,8.1,8.07,0.02999999999999936,0.37,12686.0,14337.406
002862.SZ,2022-07-05,8.1,8.32,7.92,8.05,8.1,-0.049999999999998934,-0.62,17521.5,19852.269
002862.SZ,2022-07-06,8.02,8.38,7.92,8.33,8.05,0.27999999999999936,3.48,30886.5,35548.602
002862.SZ,2022-07-07,8.4,9.11,7.94,7.99,8.33,-0.33999999999999986,-4.08,63729.49,73731.4
002862.SZ,2022-07-08,7.85,8.2,7.85,8.05,7.99,0.0600000000000005,0.75,31716.5,35683.963
002862.SZ,2022-07-11,7.92,8.05,7.85,7.91,8.05,-0.14000000000000057,-1.74,17299.51,19258.765
002862.SZ,2022-07-12,7.95,7.95,7.81,7.82,7.91,-0.08999999999999986,-1.14,17218.5,19019.323
002862.SZ,2022-07-13,7.92,8.07,7.78,8.04,7.82,0.21999999999999886,2.81,15589.01,17443.164
002862.SZ,2022-07-14,8.1,8.1,7.9,7.94,8.04,-0.09999999999999876,-1.24,12721.0,14178.34
002862.SZ,2022-07-15,7.88,8.01,7.69,7.72,7.94,-0.22000000000000064,-2.77,14331.0,15621.462
002862.SZ,2022-07-18,7.68,8.01,7.68,7.95,7.72,0.23000000000000043,2.98,14568.5,16224.292
002862.SZ,2022-07-19,7.99,8.08,7.92,8.06,7.95,0.11000000000000032,1.38,12874.0,14501.228
002862.SZ,2022-07-20,8.13,8.13,7.99,8.04,8.06,-0.02000000000000135,-0.25,9626.5,10862.012
002862.SZ,2022-07-21,8.04,8.17,8.03,8.12,8.04,0.08000000000000007,1.0,12658.0,14377.09
002862.SZ,2022-07-22,8.12,8.94,8.08,8.94,8.12,0.8200000000000003,10.1,70479.0,87313.488
002862.SZ,2022-07-25,9.19,9.76,8.63,8.65,8.94,-0.28999999999999915,-3.24,153251.5,199502.595
002862.SZ,2022-07-26,8.74,8.91,8.26,8.59,8.65,-0.0600000000000005,-0.69,84707.39,100810.583
002862.SZ,2022-07-27,8.42,8.75,8.35,8.62,8.59,0.02999999999999936,0.35,62926.71,75437.429
002862.SZ,2022-07-28,8.6,8.66,8.41,8.47,8.62,-0.14999999999999858,-1.74,45657.74,54319.959
002862.SZ,2022-07-29,8.42,8.56,8.39,8.44,8.47,-0.030000000000001137,-0.35,27939.0,33122.616
002862.SZ,2022-08-01,8.42,8.5,8.22,8.37,8.44,-0.07000000000000028,-0.83,29217.0,34286.963
002862.SZ,2022-08-02,8.34,8.35,7.82,7.92,8.37,-0.4499999999999993,-5.38,38621.5,43159.903
002862.SZ,2022-08-03,7.97,8.22,7.92,7.99,7.92,0.07000000000000028,0.88,22915.24,26002.954
002862.SZ,2022-08-04,8.13,8.15,7.99,8.15,7.99,0.16000000000000014,2.0,13738.0,15549.111
002862.SZ,2022-08-05,8.14,8.2,8.06,8.19,8.15,0.03999999999999915,0.49,20610.0,23509.482
002862.SZ,2022-08-08,8.2,8.46,8.12,8.42,8.19,0.23000000000000043,2.81,20659.57,24187.549
002862.SZ,2022-08-09,8.42,8.59,8.37,8.45,8.42,0.02999999999999936,0.36,16382.5,19426.219
002862.SZ,2022-08-10,8.46,8.63,8.36,8.58,8.45,0.13000000000000078,1.54,20208.5,24206.114
002862.SZ,2022-08-11,8.63,8.67,8.52,8.57,8.58,-0.009999999999999787,-0.12,21647.0,26064.546
002862.SZ,2022-08-12,8.53,8.69,8.4,8.62,8.57,0.049999999999998934,0.58,13970.0,16878.564
002862.SZ,2022-08-15,8.66,8.74,8.5,8.72,8.62,0.10000000000000142,1.16,19208.0,23256.18
002862.SZ,2022-08-16,8.72,8.87,8.68,8.87,8.72,0.14999999999999858,1.72,15851.0,19544.028
002862.SZ,2022-08-17,8.88,9.0,8.66,8.76,8.87,-0.10999999999999943,-1.24,19545.0,24149.612
002862.SZ,2022-08-18,8.72,8.79,8.62,8.71,8.76,-0.049999999999998934,-0.57,14295.5,17451.297
002862.SZ,2022-08-19,8.67,8.87,8.56,8.62,8.71,-0.09000000000000163,-1.03,15116.56,18474.988
002862.SZ,2022-08-22,8.75,8.89,8.57,8.8,8.62,0.1800000000000015,2.09,16161.0,19904.46
002862.SZ,2022-08-23,8.81,8.89,8.71,8.87,8.8,0.06999999999999851,0.8,15750.0,19476.392
002862.SZ,2022-08-24,8.9,8.96,8.67,8.72,8.87,-0.14999999999999858,-1.69,14688.0,18116.371
002862.SZ,2022-08-25,8.72,8.82,8.47,8.57,8.72,-0.15000000000000036,-1.72,11760.0,14101.412
002862.SZ,2022-08-26,8.63,8.74,8.54,8.62,8.57,0.049999999999998934,0.58,13482.0,16338.898
002862.SZ,2022-08-29,8.57,8.76,8.22,8.75,8.62,0.13000000000000078,1.51,11689.0,14100.521
002862.SZ,2022-08-30,8.89,9.62,8.67,8.99,8.75,0.2400000000000002,2.74,76863.19,97434.806
002862.SZ,2022-08-31,8.99,9.89,8.65,9.89,8.99,0.9000000000000004,10.01,86718.18,116866.902
002862.SZ,2022-09-01,9.88,10.61,9.14,9.74,9.89,-0.15000000000000036,-1.52,172790.36,233792.167
002862.SZ,2022-09-02,9.31,9.42,9.0,9.31,9.74,-0.4299999999999997,-4.41,120855.29,155761.387
002862.SZ,2022-09-05,9.12,9.32,9.06,9.24,9.31,-0.07000000000000028,-0.75,80210.74,103362.556
002862.SZ,2022-09-06,9.07,9.17,8.7,9.03,9.24,-0.21000000000000085,-2.27,69942.17,88123.731
002862.SZ,2022-09-07,8.99,9.12,8.8,9.12,9.03,0.08999999999999986,1.0,54474.76,68456.005
002862.SZ,2022-09-08,9.03,9.09,8.75,8.92,9.12,-0.1999999999999993,-2.19,51241.85,63988.226
002862.SZ,2022-09-09,8.82,8.9,8.58,8.63,8.92,-0.28999999999999915,-3.25,37110.0,45271.653
002862.SZ,2022-09-13,8.64,8.72,8.51,8.65,8.63,0.019999999999999574,0.23,40604.59,48952.367
002862.SZ,2022-09-14,8.47,8.67,8.42,8.57,8.65,-0.08000000000000007,-0.92,30511.99,36564.205
002862.SZ,2022-09-15,8.57,8.89,8.52,8.67,8.57,0.09999999999999964,1.17,38200.61,46465.971
002862.SZ,2022-09-16,8.7,8.84,8.06,8.06,8.67,-0.6099999999999994,-7.04,44402.12,52428.456
002862.SZ,2022-09-19,8.05,8.23,7.85,8.2,8.06,0.1399999999999988,1.74,28317.49,32181.716
002862.SZ,2022-09-20,8.13,8.7,8.13,8.58,8.2,0.3800000000000008,4.63,43432.75,51799.936
002862.SZ,2022-09-21,8.85,8.94,8.57,8.89,8.58,0.3100000000000005,3.61,41710.24,51238.962
002862.SZ,2022-09-22,8.94,9.77,8.72,9.39,8.89,0.5,5.62,76394.6,100358.937
002862.SZ,2022-09-23,9.4,9.57,9.19,9.32,9.39,-0.07000000000000028,-0.75,55678.78,73338.624
002862.SZ,2022-09-26,9.19,9.47,9.19,9.24,9.32,-0.08000000000000007,-0.86,34238.13,44726.021
002862.SZ,2022-09-27,9.3,10.16,9.14,10.16,9.24,0.9199999999999999,9.96,79358.42,108462.923
002862.SZ,2022-09-28,10.74,10.74,9.63,9.91,10.16,-0.25,-2.46,105444.76,145952.119
002862.SZ,2022-09-29,9.82,9.95,9.44,9.51,9.91,-0.40000000000000036,-4.04,76748.88,103592.568
002862.SZ,2022-09-30,9.53,9.74,8.85,8.96,9.51,-0.5499999999999989,-5.78,54930.03,70627.261
002862.SZ,2022-10-10,9.0,9.22,8.73,8.81,8.96,-0.15000000000000036,-1.67,40127.5,50343.188
002862.SZ,2022-10-11,8.97,9.05,8.27,8.75,8.81,-0.0600000000000005,-0.68,42560.82,51234.173
002862.SZ,2022-10-12,8.74,8.94,8.57,8.92,8.75,0.16999999999999993,1.94,29632.0,36467.782
002862.SZ,2022-10-13,8.89,9.81,8.85,9.52,8.92,0.5999999999999996,6.73,70819.5,93581.901
002862.SZ,2022-10-14,9.44,9.59,9.27,9.43,9.52,-0.08999999999999986,-0.95,48241.23,63619.522
002862.SZ,2022-10-17,9.62,9.71,9.31,9.64,9.43,0.21000000000000085,2.23,48932.98,65616.596
002862.SZ,2022-10-18,9.56,9.67,9.42,9.57,9.64,-0.07000000000000028,-0.73,34694.0,46370.262
002862.SZ,2022-10-19,9.49,9.55,9.27,9.36,9.57,-0.21000000000000085,-2.19,27043.0,35578.247
002862.SZ,2022-10-20,9.42,9.56,9.28,9.42,9.36,0.0600000000000005,0.64,27357.01,36087.072
002862.SZ,2022-10-21,9.42,9.7,9.32,9.37,9.42,-0.05000000000000071,-0.53,34833.5,46483.789
002862.SZ,2022-10-24,9.37,9.7,9.09,9.22,9.37,-0.14999999999999858,-1.6,40880.54,54049.601
002862.SZ,2022-10-25,9.27,9.27,8.75,8.91,9.22,-0.3100000000000005,-3.36,32512.0,40772.457
002862.SZ,2022-10-26,9.06,9.22,8.89,9.14,8.91,0.23000000000000043,2.58,25105.0,32050.571
002862.SZ,2022-10-27,9.08,9.63,9.07,9.38,9.14,0.2400000000000002,2.63,34609.97,45648.614
002862.SZ,2022-10-28,9.3,9.3,8.83,8.9,9.38,-0.4800000000000004,-5.12,34720.78,43741.284
002862.SZ,2022-10-31,8.96,9.27,8.92,9.17,8.9,0.2699999999999996,3.03,20837.23,26748.85
002862.SZ,2022-11-01,9.12,9.49,9.12,9.44,9.17,0.2699999999999996,2.94,22672.5,29760.962
002862.SZ,2022-11-02,9.49,9.6,9.37,9.41,9.44,-0.02999999999999936,-0.32,23369.5,31014.018
002862.SZ,2022-11-03,9.34,9.5,9.2,9.48,9.41,0.07000000000000028,0.74,22595.0,29727.503
002862.SZ,2022-11-04,9.48,9.67,9.43,9.53,9.48,0.049999999999998934,0.53,22380.9,29907.687
002862.SZ,2022-11-07,9.56,10.49,9.45,10.49,9.53,0.9600000000000009,10.07,53007.38,75247.599
002862.SZ,2022-11-08,10.54,10.68,10.1,10.29,10.49,-0.20000000000000107,-1.91,104246.96,151144.751
002862.SZ,2022-11-09,10.29,11.06,10.14,10.71,10.29,0.4200000000000017,4.08,88735.04,133065.477
002862.SZ,2022-11-10,10.49,10.88,10.42,10.79,10.71,0.0799999999999983,0.75,48856.5,73407.976
002862.SZ,2022-11-11,10.79,10.95,10.24,10.3,10.79,-0.48999999999999844,-4.54,63065.04,93188.042
002862.SZ,2022-11-14,10.35,10.41,10.06,10.23,10.3,-0.07000000000000028,-0.68,36107.0,51745.888
002862.SZ,2022-11-15,10.31,10.39,10.04,10.24,10.23,0.009999999999999787,0.1,30313.5,43258.282
002862.SZ,2022-11-16,10.29,10.61,10.24,10.37,10.24,0.129999999999999,1.27,32478.5,47301.333
002862.SZ,2022-11-17,10.56,10.56,10.12,10.21,10.37,-0.15999999999999837,-1.54,29055.4,41811.095
002862.SZ,2022-11-18,10.05,10.38,10.05,10.29,10.21,0.0799999999999983,0.78,26859.0,38646.852
002862.SZ,2022-11-21,10.38,11.27,10.14,10.85,10.29,0.5600000000000005,5.44,65959.73,100231.851
002862.SZ,2022-11-22,10.79,11.27,10.71,11.04,10.85,0.1899999999999995,1.75,53807.53,83641.753
002862.SZ,2022-11-23,11.09,11.73,10.88,10.94,11.04,-0.09999999999999964,-0.91,53409.19,84008.231
002862.SZ,2022-11-24,11.1,11.41,10.85,11.35,10.94,0.41000000000000014,3.75,41543.08,64972.822
002862.SZ,2022-11-25,11.18,11.41,10.84,11.27,11.35,-0.08000000000000007,-0.7,38731.32,60558.466
002862.SZ,2022-11-28,11.26,11.4,10.77,10.84,11.27,-0.4299999999999997,-3.82,52444.15,81395.722
002862.SZ,2022-11-29,10.85,11.04,10.7,10.9,10.84,0.0600000000000005,0.55,24610.7,37351.147
002862.SZ,2022-11-30,10.9,11.01,10.51,10.64,10.9,-0.2599999999999998,-2.39,20420.0,30558.407
002862.SZ,2022-12-01,10.64,10.81,10.47,10.76,10.64,0.11999999999999922,1.13,18947.0,28257.765
002862.SZ,2022-12-02,10.73,11.15,10.64,10.82,10.76,0.0600000000000005,0.56,21295.0,32646.943
002862.SZ,2022-12-05,10.83,10.98,10.62,10.95,10.82,0.129999999999999,1.2,24182.0,36664.854
002862.SZ,2022-12-06,10.84,11.1,10.65,10.69,10.95,-0.2599999999999998,-2.37,19470.0,29541.475
002862.SZ,2022-12-07,10.67,10.98,10.41,10.89,10.69,0.20000000000000107,1.87,21105.5,31981.571
002862.SZ,2022-12-08,10.91,10.93,10.71,10.73,10.89,-0.16000000000000014,-1.47,17451.0,26401.029
002862.SZ,2022-12-09,10.79,10.84,10.52,10.76,10.73,0.02999999999999936,0.28,18731.5,28013.901
002862.SZ,2022-12-12,10.88,11.06,10.61,10.9,10.76,0.14000000000000057,1.3,24961.0,37957.477
002862.SZ,2022-12-13,10.9,11.4,10.88,11.21,10.9,0.3100000000000005,2.84,33361.0,52436.39
002862.SZ,2022-12-14,11.23,11.52,11.01,11.51,11.21,0.29999999999999893,2.68,29059.0,46139.407
002862.SZ,2022-12-15,11.53,11.62,11.33,11.41,11.51,-0.09999999999999964,-0.87,18223.49,29231.98
002862.SZ,2022-12-16,11.41,11.6,11.16,11.48,11.41,0.07000000000000028,0.61,19263.0,30941.403
002862.SZ,2022-12-19,11.48,11.59,11.2,11.42,11.48,-0.0600000000000005,-0.52,21013.0,33567.488
002862.SZ,2022-12-20,11.43,11.48,11.2,11.28,11.42,-0.14000000000000057,-1.23,15237.5,24119.172
002862.SZ,2022-12-21,11.41,11.41,10.96,11.06,11.28,-0.21999999999999886,-1.95,18931.0,29587.681
002862.SZ,2022-12-22,11.09,11.14,10.52,10.59,11.06,-0.47000000000000064,-4.25,19745.0,29948.068
002862.SZ,2022-12-23,10.59,11.39,10.2,10.84,10.59,0.25,2.36,27602.5,42096.907
002862.SZ,2022-12-26,10.92,10.98,10.75,10.86,10.84,0.019999999999999574,0.18,12167.0,18487.893
002862.SZ,2022-12-27,10.98,10.98,10.55,10.57,10.86,-0.28999999999999915,-2.67,15791.5,23725.392
002862.SZ,2022-12-28,10.63,10.66,10.34,10.49,10.57,-0.08000000000000007,-0.76,10665.5,15746.982
002862.SZ,2022-12-29,10.46,10.77,10.39,10.43,10.49,-0.0600000000000005,-0.57,12889.0,19032.81
002862.SZ,2022-12-30,10.42,10.54,10.29,10.46,10.43,0.030000000000001137,0.29,11038.0,16127.262
002862.SZ,2023-01-03,10.69,10.74,10.39,10.64,10.46,0.17999999999999972,1.72,18312.0,27245.899
002862.SZ,2023-01-04,10.67,11.71,10.57,11.71,10.64,1.0700000000000003,10.06,100520.0,163673.379
002862.SZ,2023-01-05,11.43,11.76,10.96,11.52,11.71,-0.19000000000000128,-1.62,144359.0,227451.698
002862.SZ,2023-01-06,11.42,12.68,11.21,11.98,11.52,0.46000000000000085,3.99,130976.82,219070.595
002862.SZ,2023-01-09,11.81,12.03,11.53,11.91,11.98,-0.07000000000000028,-0.58,80652.32,133289.388
002862.SZ,2023-01-10,11.94,12.27,11.6,11.84,11.91,-0.07000000000000028,-0.59,63941.95,106716.396
002862.SZ,2023-01-11,11.88,12.65,11.76,11.97,11.84,0.13000000000000078,1.1,88350.0,150909.287
002862.SZ,2023-01-12,11.82,12.08,11.78,12.07,11.97,0.09999999999999964,0.84,47632.5,79916.029
002862.SZ,2023-01-13,12.05,12.55,11.96,12.13,12.07,0.0600000000000005,0.5,44461.78,76053.914
002862.SZ,2023-01-16,12.2,12.35,11.21,11.46,12.13,-0.6699999999999999,-5.52,69565.0,113576.026
002862.SZ,2023-01-17,11.41,11.54,10.76,10.96,11.46,-0.5,-4.36,48250.72,74263.408
002862.SZ,2023-01-18,10.9,11.24,10.77,11.18,10.96,0.21999999999999886,2.01,38745.5,59814.571
002862.SZ,2023-01-19,11.28,11.28,10.49,10.54,11.18,-0.6400000000000006,-5.72,46787.0,70499.273
002862.SZ,2023-01-20,10.56,11.08,10.55,10.77,10.54,0.23000000000000043,2.18,27974.0,42321.798
002862.SZ,2023-01-30,10.78,10.94,10.75,10.89,10.77,0.120000000000001,1.11,24827.5,37834.792
002862.SZ,2023-01-31,10.78,10.81,10.37,10.63,10.89,-0.2599999999999998,-2.39,37455.61,55519.463
002862.SZ,2023-02-01,10.62,10.77,10.5,10.75,10.63,0.11999999999999922,1.13,31185.48,46439.456
002862.SZ,2023-02-02,10.75,11.61,10.71,11.26,10.75,0.5099999999999998,4.74,57962.63,90555.04
002862.SZ,2023-02-03,11.06,11.43,11.02,11.4,11.26,0.14000000000000057,1.24,42975.0,68061.923
002862.SZ,2023-02-06,11.28,12.23,11.28,12.03,11.4,0.629999999999999,5.53,74144.0,123921.21
002862.SZ,2023-02-07,11.89,12.15,11.75,12.05,12.03,0.02000000000000135,0.17,31199.74,52310.378
002862.SZ,2023-02-08,12.05,12.65,11.98,12.31,12.05,0.2599999999999998,2.16,46504.0,80461.257
002862.SZ,2023-02-09,12.24,12.3,11.98,12.09,12.31,-0.22000000000000064,-1.79,38844.5,65914.273
002862.SZ,2023-02-10,12.09,12.23,11.88,11.91,12.09,-0.17999999999999972,-1.49,26737.5,45156.013
002862.SZ,2023-02-13,12.13,12.13,11.83,11.87,11.91,-0.040000000000000924,-0.34,24635.0,41197.03
002862.SZ,2023-02-14,11.86,11.93,11.66,11.68,11.87,-0.1899999999999995,-1.6,21901.0,36072.565
002862.SZ,2023-02-15,11.8,11.83,11.51,11.6,11.68,-0.08000000000000007,-0.68,17472.0,28428.975
002862.SZ,2023-02-16,11.71,12.1,11.49,11.58,11.6,-0.019999999999999574,-0.17,31767.0,52307.294
002862.SZ,2023-02-17,11.55,11.91,11.49,11.56,11.58,-0.019999999999999574,-0.17,18182.5,29630.882
002862.SZ,2023-02-20,11.56,11.73,11.49,11.69,11.56,0.129999999999999,1.12,16745.25,27331.777
002862.SZ,2023-02-21,11.7,11.71,11.24,11.39,11.69,-0.29999999999999893,-2.57,29164.75,46637.142
002862.SZ,2023-02-22,11.36,11.51,11.27,11.48,11.39,0.08999999999999986,0.79,12549.0,20107.403
002862.SZ,2023-02-23,11.59,11.59,11.17,11.21,11.48,-0.2699999999999996,-2.35,14742.0,23350.078
002862.SZ,2023-02-24,11.26,11.42,11.03,11.28,11.21,0.06999999999999851,0.62,19292.0,30332.428
002862.SZ,2023-02-27,11.34,11.34,11.06,11.11,11.28,-0.16999999999999993,-1.51,11395.0,17786.658
002862.SZ,2023-02-28,11.13,11.33,10.93,11.33,11.11,0.22000000000000064,1.98,14026.0,22084.002
002862.SZ,2023-03-01,11.33,11.68,11.22,11.66,11.33,0.33000000000000007,2.91,26538.0,42869.818
002862.SZ,2023-03-02,11.66,11.83,11.51,11.58,11.66,-0.08000000000000007,-0.69,18365.11,29957.156
002862.SZ,2023-03-03,11.6,11.68,11.14,11.22,11.58,-0.35999999999999943,-3.11,32583.25,51559.085
002862.SZ,2023-03-06,11.2,11.29,10.9,10.94,11.22,-0.28000000000000114,-2.5,24801.5,38504.294
002862.SZ,2023-03-07,10.94,11.09,10.83,10.85,10.94,-0.08999999999999986,-0.82,15306.0,23440.379
002862.SZ,2023-03-08,10.84,11.07,10.72,11.05,10.85,0.20000000000000107,1.84,10038.5,15409.104
002862.SZ,2023-03-09,11.13,11.16,10.91,11.08,11.05,0.02999999999999936,0.27,11532.0,17848.191
002862.SZ,2023-03-10,11.06,11.13,10.81,10.92,11.08,-0.16000000000000014,-1.44,10271.0,15751.312
002862.SZ,2023-03-13,10.91,11.01,10.81,10.98,10.92,0.0600000000000005,0.55,9085.0,13913.96
002862.SZ,2023-03-14,10.82,10.98,10.54,10.7,10.98,-0.28000000000000114,-2.55,13286.5,19949.733
002862.SZ,2023-03-15,10.75,11.09,10.74,10.94,10.7,0.2400000000000002,2.24,11061.0,16941.596
002862.SZ,2023-03-16,10.91,10.93,10.65,10.66,10.94,-0.27999999999999936,-2.56,7710.0,11632.44
002862.SZ,2023-03-17,10.84,11.13,10.69,11.06,10.66,0.40000000000000036,3.75,16538.5,25281.206
002862.SZ,2023-03-20,11.1,11.23,10.78,10.81,11.06,-0.25,-2.26,14631.0,22444.399
002862.SZ,2023-03-21,10.79,11.16,10.72,11.09,10.81,0.27999999999999936,2.59,16200.5,24988.049
002862.SZ,2023-03-22,11.09,11.31,11.09,11.23,11.09,0.14000000000000057,1.26,15150.5,23833.449
002862.SZ,2023-03-23,11.26,11.27,11.0,11.12,11.23,-0.11000000000000121,-0.98,12229.0,19064.93
002862.SZ,2023-03-24,11.13,11.19,10.91,10.93,11.12,-0.1899999999999995,-1.71,13544.5,20895.731
002862.SZ,2023-03-27,10.92,11.01,10.79,10.96,10.93,0.030000000000001137,0.27,12954.0,19787.829
002862.SZ,2023-03-28,10.89,11.24,10.86,11.07,10.96,0.10999999999999943,1.0,11713.5,18136.549
002862.SZ,2023-03-29,11.13,11.26,10.82,11.23,11.07,0.16000000000000014,1.45,22597.0,35110.649
002862.SZ,2023-03-30,11.26,11.32,11.11,11.18,11.23,-0.05000000000000071,-0.45,17504.0,27476.598
002862.SZ,2023-03-31,11.23,11.7,11.15,11.62,11.18,0.4399999999999995,3.94,29436.0,47406.488
002862.SZ,2023-04-03,11.77,12.09,11.53,11.98,11.62,0.3600000000000012,3.1,31286.0,52389.546
002862.SZ,2023-04-04,11.98,12.03,11.62,11.66,11.98,-0.3200000000000003,-2.67,26662.0,44173.321
002862.SZ,2023-04-06,11.66,11.91,11.55,11.73,11.66,0.07000000000000028,0.6,17851.5,29296.544
002862.SZ,2023-04-07,11.73,11.84,11.63,11.82,11.73,0.08999999999999986,0.77,10927.0,18038.705
002862.SZ,2023-04-10,11.82,12.22,11.6,11.73,11.82,-0.08999999999999986,-0.76,26409.5,44056.833
002862.SZ,2023-04-11,11.65,12.02,11.63,11.91,11.73,0.17999999999999972,1.53,16787.0,27921.686
002862.SZ,2023-04-12,11.91,12.15,11.88,12.11,11.91,0.1999999999999993,1.68,20769.0,35026.166
002862.SZ,2023-04-13,12.08,12.25,11.91,12.13,12.11,0.02000000000000135,0.17,22716.0,38608.493
002862.SZ,2023-04-14,12.32,12.32,11.81,12.05,12.13,-0.08000000000000007,-0.66,27014.5,45354.888
002862.SZ,2023-04-17,12.05,12.3,11.96,12.19,12.05,0.1399999999999988,1.16,28167.0,48004.939
002862.SZ,2023-04-18,12.16,12.48,12.13,12.43,12.19,0.2400000000000002,1.97,28138.53,48813.168
002862.SZ,2023-04-19,12.43,13.01,12.43,12.92,12.43,0.4900000000000002,3.94,39315.03,70949.941
002862.SZ,2023-04-20,12.92,12.97,12.67,12.81,12.92,-0.10999999999999943,-0.85,25997.5,46675.51
002862.SZ,2023-04-21,12.74,13.07,12.6,12.67,12.81,-0.14000000000000057,-1.09,25862.03,46402.096
002862.SZ,2023-04-24,12.68,13.05,12.61,12.81,12.67,0.14000000000000057,1.1,34163.0,61633.044
002862.SZ,2023-04-25,12.68,13.03,12.31,12.39,12.81,-0.41999999999999993,-3.28,38799.39,68627.368
002862.SZ,2023-04-26,12.32,12.52,12.07,12.16,12.39,-0.23000000000000043,-1.86,21313.0,36494.661
002862.SZ,2023-04-27,12.14,12.14,11.7,11.86,12.16,-0.3000000000000007,-2.47,18747.0,31342.126
002862.SZ,2023-04-28,11.92,12.44,11.84,12.4,11.86,0.5400000000000009,4.55,25069.5,43027.831
002862.SZ,2023-05-04,12.68,12.96,12.46,12.95,12.4,0.5499999999999989,4.44,20696.0,37176.427
002862.SZ,2023-05-05,12.95,13.07,12.83,13.02,12.95,0.07000000000000028,0.54,17574.0,31901.376
002862.SZ,2023-05-08,13.02,13.22,12.81,12.94,13.02,-0.08000000000000007,-0.61,17673.0,32092.69
002862.SZ,2023-05-09,12.94,13.0,12.75,12.75,12.94,-0.1899999999999995,-1.47,12592.89,22702.627
002862.SZ,2023-05-10,12.8,14.03,12.74,13.54,12.75,0.7899999999999991,6.2,117286.53,225964.942
002862.SZ,2023-05-11,13.35,13.7,13.15,13.68,13.54,0.14000000000000057,1.03,89201.98,167499.79
002862.SZ,2023-05-12,13.55,13.77,13.32,13.39,13.68,-0.28999999999999915,-2.12,35715.0,67576.839
002862.SZ,2023-05-15,13.27,13.79,13.2,13.57,13.39,0.17999999999999972,1.34,32074.15,60716.721
002862.SZ,2023-05-16,13.47,13.77,13.27,13.36,13.57,-0.21000000000000085,-1.55,26000.76,49127.91
002862.SZ,2023-05-17,13.23,13.58,13.21,13.5,13.36,0.14000000000000057,1.05,15173.5,28555.704
002862.SZ,2023-05-18,13.73,13.73,13.32,13.51,13.5,0.009999999999999787,0.07,11874.73,22403.65
002862.SZ,2023-05-19,13.5,13.68,13.35,13.61,13.51,0.09999999999999964,0.74,14031.0,26656.193
002862.SZ,2023-05-22,13.5,13.77,13.35,13.37,13.61,-0.2400000000000002,-1.76,13283.82,25172.773
002862.SZ,2023-05-23,13.47,13.47,13.2,13.22,13.37,-0.14999999999999858,-1.12,13411.0,25042.898
002862.SZ,2023-05-24,13.17,13.4,13.12,13.27,13.22,0.049999999999998934,0.38,10140.0,18879.472
002862.SZ,2023-05-25,13.4,13.4,12.97,13.37,13.27,0.09999999999999964,0.75,14989.32,27805.708
002862.SZ,2023-05-26,13.38,13.68,13.26,13.6,13.37,0.23000000000000043,1.72,10939.0,20761.665
002862.SZ,2023-05-29,13.75,13.75,13.38,13.42,13.6,-0.17999999999999972,-1.32,12217.5,23160.601
002862.SZ,2023-05-30,13.4,13.48,13.27,13.45,13.42,0.02999999999999936,0.22,8725.0,16389.31
002862.SZ,2023-05-31,13.45,13.5,13.27,13.4,13.45,-0.049999999999998934,-0.37,8794.0,16525.711
002862.SZ,2023-06-01,13.4,13.69,13.36,13.58,13.4,0.17999999999999972,1.34,16335.5,31073.773
002862.SZ,2023-06-02,13.71,13.71,13.48,13.48,13.58,-0.09999999999999964,-0.74,10499.0,19946.998
002862.SZ,2023-06-05,13.46,13.62,13.38,13.5,13.48,0.019999999999999574,0.15,12650.5,23922.526
002862.SZ,2023-06-06,13.45,13.59,13.2,13.2,13.5,-0.3000000000000007,-2.22,14855.0,27853.824
002862.SZ,2023-06-07,13.4,13.72,13.16,13.55,13.2,0.3500000000000014,2.65,19683.47,37398.212
002862.SZ,2023-06-08,13.55,13.62,13.38,13.45,13.55,-0.10000000000000142,-0.74,13336.0,25160.656
002862.SZ,2023-06-09,13.47,13.65,13.36,13.42,13.45,-0.02999999999999936,-0.22,9523.0,17970.877
002862.SZ,2023-06-12,13.4,13.47,13.2,13.27,13.42,-0.15000000000000036,-1.12,15057.0,28117.389
002862.SZ,2023-06-13,13.37,13.55,13.12,13.12,13.27,-0.15000000000000036,-1.13,16577.5,30919.709
002862.SZ,2023-06-14,12.8,13.12,12.63,12.88,13.12,-0.23999999999999844,-1.83,20642.97,37361.635
002862.SZ,2023-06-15,12.89,13.05,12.77,12.8,12.88,-0.08000000000000007,-0.62,13420.0,24217.335
002862.SZ,2023-06-16,12.8,13.03,12.6,12.67,12.8,-0.13000000000000078,-1.02,14340.0,25592.761
002862.SZ,2023-06-19,12.68,12.76,12.45,12.53,12.67,-0.14000000000000057,-1.1,11383.0,20124.002
002862.SZ,2023-06-20,12.73,12.77,12.4,12.43,12.53,-0.09999999999999964,-0.8,12503.0,21932.136
002862.SZ,2023-06-21,12.38,12.48,11.77,11.81,12.43,-0.6199999999999992,-4.99,34201.06,57597.756
002862.SZ,2023-06-26,11.98,12.3,11.68,11.76,11.81,-0.05000000000000071,-0.42,18785.56,31452.189
002862.SZ,2023-06-27,11.76,12.55,11.76,12.41,11.76,0.6500000000000004,5.53,20797.5,35682.192
002862.SZ,2023-06-28,12.43,12.68,12.13,12.36,12.41,-0.05000000000000071,-0.4,13616.0,23496.381
002862.SZ,2023-06-29,12.36,13.21,12.36,13.12,12.36,0.7599999999999998,6.15,22434.5,40665.725
002862.SZ,2023-06-30,12.85,13.61,12.85,13.44,13.12,0.3200000000000003,2.44,26745.56,50199.857
002862.SZ,2023-07-03,13.63,13.63,13.2,13.41,13.44,-0.02999999999999936,-0.22,14309.0,26845.587
002862.SZ,2023-07-04,13.43,13.62,13.28,13.41,13.41,0.0,0.0,16350.0,30800.737
002862.SZ,2023-07-05,13.55,13.59,12.95,13.03,13.41,-0.3800000000000008,-2.83,17221.0,31872.836
002862.SZ,2023-07-06,13.03,13.14,12.75,12.83,13.03,-0.1999999999999993,-1.53,14678.0,26578.052
002862.SZ,2023-07-07,12.84,13.04,12.66,12.73,12.83,-0.09999999999999964,-0.78,7871.0,14062.029
002862.SZ,2023-07-10,12.83,13.24,12.83,13.05,12.73,0.3200000000000003,2.51,15238.0,27814.224
002862.SZ,2023-07-11,13.02,13.25,12.92,12.98,13.05,-0.07000000000000028,-0.54,8962.0,16407.647
002862.SZ,2023-07-12,13.16,13.16,12.47,12.57,12.98,-0.41000000000000014,-3.16,16084.0,28544.179
002862.SZ,2023-07-13,12.57,12.82,12.5,12.68,12.57,0.10999999999999943,0.88,11000.5,19544.495
002862.SZ,2023-07-14,12.75,13.05,12.7,12.95,12.68,0.2699999999999996,2.13,13285.0,23979.584
002862.SZ,2023-07-17,13.05,13.27,12.79,13.07,12.95,0.120000000000001,0.93,14524.0,26550.932
002862.SZ,2023-07-18,13.12,13.17,12.99,13.05,13.07,-0.019999999999999574,-0.15,9727.0,17847.783
002862.SZ,2023-07-19,13.07,13.14,12.91,13.07,13.05,0.019999999999999574,0.15,8845.0,16136.249
002862.SZ,2023-07-20,13.05,13.47,13.05,13.1,13.07,0.02999999999999936,0.23,18715.0,34780.233
002862.SZ,2023-07-21,13.19,13.42,12.91,13.03,13.1,-0.07000000000000028,-0.53,13004.0,23963.593
002862.SZ,2023-07-24,13.03,13.95,12.85,13.37,13.03,0.33999999999999986,2.61,42115.0,79610.525
002862.SZ,2023-07-25,13.25,13.59,13.11,13.53,13.37,0.16000000000000014,1.2,32060.5,60267.417
002862.SZ,2023-07-26,13.62,13.65,13.35,13.43,13.53,-0.09999999999999964,-0.74,18379.5,34740.731
002862.SZ,2023-07-27,13.43,13.55,13.29,13.31,13.43,-0.11999999999999922,-0.89,13719.0,25770.158
002862.SZ,2023-07-28,13.32,13.37,13.2,13.31,13.31,0.0,0.0,9644.0,17994.3
002862.SZ,2023-07-31,13.3,13.39,13.05,13.2,13.31,-0.11000000000000121,-0.83,14600.0,26977.265
002862.SZ,2023-08-01,13.2,13.37,12.84,12.97,13.2,-0.22999999999999865,-1.74,14658.0,26610.339
002862.SZ,2023-08-02,12.95,13.37,12.83,13.29,12.97,0.3199999999999985,2.47,14996.5,27756.953
002862.SZ,2023-08-03,13.16,13.43,13.07,13.2,13.29,-0.08999999999999986,-0.68,13684.0,25372.2
002862.SZ,2023-08-04,13.35,13.47,13.12,13.15,13.2,-0.049999999999998934,-0.38,13339.5,24788.468
002862.SZ,2023-08-07,13.08,13.25,12.9,13.13,13.15,-0.019999999999999574,-0.15,18233.47,33391.778
002862.SZ,2023-08-08,13.22,13.22,12.97,13.03,13.13,-0.10000000000000142,-0.76,8309.47,15203.516
002862.SZ,2023-08-09,13.12,13.16,12.65,12.68,13.03,-0.34999999999999964,-2.69,8962.5,16082.472
002862.SZ,2023-08-10,12.67,12.83,12.54,12.77,12.68,0.08999999999999986,0.71,6226.89,11080.81
002862.SZ,2023-08-11,12.78,12.91,12.54,12.59,12.77,-0.17999999999999972,-1.41,10188.5,18136.065
002862.SZ,2023-08-14,12.59,12.68,12.39,12.65,12.59,0.0600000000000005,0.48,8042.0,14165.72
002862.SZ,2023-08-15,12.65,12.81,12.57,12.69,12.65,0.03999999999999915,0.32,5343.5,9511.495
002862.SZ,2023-08-16,12.69,12.71,12.43,12.5,12.69,-0.1899999999999995,-1.5,5989.5,10548.36
002862.SZ,2023-08-17,12.6,12.94,12.33,12.91,12.5,0.41000000000000014,3.28,10073.0,17846.816
002862.SZ,2023-08-18,12.91,13.11,12.78,13.04,12.91,0.129999999999999,1.01,9997.0,18176.035
002862.SZ,2023-08-21,13.04,13.12,12.77,12.84,13.04,-0.1999999999999993,-1.53,9133.0,16579.467
002862.SZ,2023-08-22,12.85,12.94,12.43,12.61,12.84,-0.23000000000000043,-1.79,10518.0,18631.033
002862.SZ,2023-08-23,12.83,12.83,12.34,12.35,12.61,-0.2599999999999998,-2.06,7999.0,13940.714
002862.SZ,2023-08-24,12.33,12.55,12.15,12.38,12.35,0.030000000000001137,0.24,9073.4,15692.225
002862.SZ,2023-08-25,12.38,12.6,11.91,12.03,12.38,-0.3500000000000014,-2.83,13628.0,23309.793
002862.SZ,2023-08-28,12.84,12.84,12.01,12.03,12.03,0.0,0.0,14629.5,25053.459
002862.SZ,2023-08-29,12.25,12.38,12.08,12.18,12.03,0.15000000000000036,1.25,20695.0,35398.901
002862.SZ,2023-08-30,12.18,12.68,12.12,12.6,12.18,0.41999999999999993,3.45,23829.5,41866.401
002862.SZ,2023-08-31,12.67,12.67,12.28,12.37,12.6,-0.23000000000000043,-1.83,9951.5,17283.624
002862.SZ,2023-09-01,12.28,12.54,12.28,12.4,12.37,0.030000000000001137,0.24,8004.0,13963.267
002862.SZ,2023-09-04,12.45,12.54,12.05,12.45,12.4,0.049999999999998934,0.4,8458.0,14674.157
002862.SZ,2023-09-05,12.45,12.77,12.33,12.43,12.45,-0.019999999999999574,-0.16,7798.0,13612.901
002862.SZ,2023-09-06,12.34,12.53,12.27,12.33,12.43,-0.09999999999999964,-0.8,8707.0,15108.335
002862.SZ,2023-09-07,12.39,12.39,12.15,12.2,12.33,-0.13000000000000078,-1.05,8634.0,14836.663
002862.SZ,2023-09-08,12.23,12.23,12.03,12.16,12.2,-0.03999999999999915,-0.33,7980.4,13569.855
002862.SZ,2023-09-11,12.1,12.34,12.0,12.23,12.16,0.07000000000000028,0.58,7488.0,12803.366
002862.SZ,2023-09-12,12.27,12.28,12.05,12.12,12.23,-0.11000000000000121,-0.9,7452.0,12683.119
002862.SZ,2023-09-13,12.13,12.17,11.85,12.0,12.12,-0.11999999999999922,-0.99,8473.0,14205.243
002862.SZ,2023-09-14,12.05,12.05,11.66,11.76,12.0,-0.2400000000000002,-2.0,9466.0,15646.16
002862.SZ,2023-09-15,11.78,12.05,11.66,11.91,11.76,0.15000000000000036,1.28,7551.5,12579.926
002862.SZ,2023-09-18,12.34,12.34,11.78,12.18,11.91,0.2699999999999996,2.27,12636.0,21467.17
002862.SZ,2023-09-19,12.12,12.28,11.77,11.82,12.18,-0.35999999999999943,-2.96,11247.0,18800.207
002862.SZ,2023-09-20,11.88,11.91,11.72,11.81,11.82,-0.009999999999999787,-0.08,6205.0,10299.29
002862.SZ,2023-09-21,11.81,11.91,11.56,11.65,11.81,-0.16000000000000014,-1.35,7349.0,12056.507
002862.SZ,2023-09-22,11.56,11.98,11.48,11.95,11.65,0.29999999999999893,2.58,10654.0,17599.853
002862.SZ,2023-09-25,11.95,12.03,11.68,11.71,11.95,-0.23999999999999844,-2.01,6418.5,10617.004
002862.SZ,2023-09-26,11.71,11.71,11.43,11.52,11.71,-0.19000000000000128,-1.62,8039.0,13063.567
002862.SZ,2023-09-27,11.53,11.68,11.44,11.54,11.52,0.019999999999999574,0.17,9200.0,14923.126
002862.SZ,2023-09-28,11.61,11.81,11.57,11.62,11.54,0.08000000000000007,0.69,11199.0,18339.358
002862.SZ,2023-10-09,11.8,11.8,11.07,11.24,11.62,-0.379999999999999,-3.27,16535.5,26177.14
002862.SZ,2023-10-10,11.28,11.45,11.2,11.31,11.24,0.07000000000000028,0.62,12630.5,20029.457
002862.SZ,2023-10-11,11.46,11.46,11.08,11.16,11.31,-0.15000000000000036,-1.33,13156.0,20620.493
002862.SZ,2023-10-12,11.16,11.31,10.93,10.98,11.16,-0.17999999999999972,-1.61,12820.5,19818.565
002862.SZ,2023-10-13,11.02,11.02,10.74,10.86,10.98,-0.120000000000001,-1.09,11958.0,18160.641
002862.SZ,2023-10-16,10.9,11.17,10.84,11.08,10.86,0.22000000000000064,2.03,15469.0,23981.82
002862.SZ,2023-10-17,11.09,11.95,10.98,11.69,11.08,0.6099999999999994,5.51,32737.5,53021.138
002862.SZ,2023-10-18,11.69,11.81,11.37,11.48,11.69,-0.20999999999999908,-1.8,24889.59,40453.594
002862.SZ,2023-10-19,11.33,11.68,10.89,11.08,11.48,-0.40000000000000036,-3.48,21170.5,33081.938
002862.SZ,2023-10-20,11.05,11.21,10.79,10.84,11.08,-0.2400000000000002,-2.17,13141.5,20139.54
002862.SZ,2023-10-23,10.83,11.23,10.83,11.06,10.84,0.22000000000000064,2.03,14336.0,22252.238
002862.SZ,2023-10-24,11.07,11.83,11.07,11.73,11.06,0.6699999999999999,6.06,26688.5,43383.117
002862.SZ,2023-10-25,11.84,11.91,11.56,11.82,11.73,0.08999999999999986,0.77,16020.19,26478.128
002862.SZ,2023-10-26,11.82,11.91,11.16,11.25,11.82,-0.5700000000000003,-4.82,19362.0,30945.956
002862.SZ,2023-10-27,11.25,11.61,11.17,11.51,11.25,0.2599999999999998,2.31,13791.5,22118.633
002862.SZ,2023-10-30,11.51,11.71,11.41,11.56,11.51,0.05000000000000071,0.43,16018.5,26025.987
002862.SZ,2023-10-31,11.51,11.67,11.34,11.62,11.56,0.05999999999999872,0.52,17907.0,28961.026
002862.SZ,2023-11-01,11.6,11.68,11.42,11.46,11.62,-0.15999999999999837,-1.38,9051.0,14636.824
002862.SZ,2023-11-02,11.48,11.6,11.46,11.47,11.46,0.009999999999999787,0.09,10970.0,17705.543
002862.SZ,2023-11-03,11.45,11.63,11.33,11.58,11.47,0.10999999999999943,0.96,14893.0,24108.362
002862.SZ,2023-11-06,11.59,11.81,11.59,11.66,11.58,0.08000000000000007,0.69,17439.5,28617.946
002862.SZ,2023-11-07,11.65,11.94,11.53,11.84,11.66,0.17999999999999972,1.54,16955.5,27831.415
002862.SZ,2023-11-08,11.77,12.08,11.77,11.84,11.84,0.0,0.0,10684.0,17834.592
002862.SZ,2023-11-09,11.85,12.02,11.63,11.68,11.84,-0.16000000000000014,-1.35,10592.0,17475.123
002862.SZ,2023-11-10,11.68,11.69,11.41,11.63,11.68,-0.049999999999998934,-0.43,9804.0,15910.238
002862.SZ,2023-11-13,11.78,11.9,11.63,11.86,11.63,0.22999999999999865,1.98,13927.0,23039.256
002862.SZ,2023-11-14,11.81,12.11,11.77,12.02,11.86,0.16000000000000014,1.35,14136.0,23629.504
002862.SZ,2023-11-15,12.03,12.15,11.77,12.13,12.02,0.11000000000000121,0.92,19165.91,32077.291
002862.SZ,2023-11-16,12.01,12.3,12.01,12.15,12.13,0.019999999999999574,0.16,16350.17,27908.834
002862.SZ,2023-11-17,12.11,12.19,11.98,12.0,12.15,-0.15000000000000036,-1.23,10024.0,16936.271
002862.SZ,2023-11-20,12.06,12.1,11.87,12.1,12.0,0.09999999999999964,0.83,14555.5,24444.563
002862.SZ,2023-11-21,12.1,12.23,11.98,12.03,12.1,-0.07000000000000028,-0.58,8803.91,14937.558
002862.SZ,2023-11-22,12.11,12.22,11.98,12.08,12.03,0.05000000000000071,0.42,12729.5,21600.353
002862.SZ,2023-11-23,12.08,12.14,11.95,12.05,12.08,-0.02999999999999936,-0.25,9024.5,15248.074
002862.SZ,2023-11-24,12.05,12.13,11.87,11.93,12.05,-0.120000000000001,-1.0,12333.0,20679.342
002862.SZ,2023-11-27,12.05,12.11,11.87,12.03,11.93,0.09999999999999964,0.84,11335.0,19027.614
002862.SZ,2023-11-28,11.98,12.1,11.89,11.93,12.03,-0.09999999999999964,-0.83,9656.5,16243.321
002862.SZ,2023-11-29,12.0,12.18,11.83,12.0,11.93,0.07000000000000028,0.59,16845.5,28267.278
002862.SZ,2023-11-30,11.98,12.05,11.74,11.88,12.0,-0.11999999999999922,-1.0,10032.0,16685.694
002862.SZ,2023-12-01,11.89,12.03,11.86,11.91,11.88,0.02999999999999936,0.25,12521.0,20974.592
002862.SZ,2023-12-04,11.91,12.12,11.9,12.06,11.91,0.15000000000000036,1.26,13721.5,23113.359
002862.SZ,2023-12-05,12.15,12.27,12.05,12.06,12.06,0.0,0.0,16004.0,27221.956
002862.SZ,2023-12-06,12.04,12.19,11.99,12.15,12.06,0.08999999999999986,0.75,15427.0,26202.97
002862.SZ,2023-12-07,12.27,12.3,12.08,12.1,12.15,-0.05000000000000071,-0.41,17312.0,29467.153
002862.SZ,2023-12-08,12.08,12.12,11.63,11.74,12.1,-0.35999999999999943,-2.98,26172.98,43506.676
002862.SZ,2023-12-11,11.68,12.92,11.51,12.92,11.74,1.1799999999999997,10.05,64134.0,111175.684
002862.SZ,2023-12-12,12.92,13.92,12.45,12.7,12.92,-0.22000000000000064,-1.7,122463.17,221486.442
002862.SZ,2023-12-13,12.45,12.56,12.23,12.33,12.7,-0.3699999999999992,-2.91,85301.67,147478.946
002862.SZ,2023-12-14,12.15,13.57,12.15,13.57,12.33,1.2400000000000002,10.06,226119.59,425014.228
002862.SZ,2023-12-15,12.7,14.92,12.63,14.92,13.57,1.3499999999999996,9.95,316034.48,621837.191
002862.SZ,2023-12-18,16.15,16.41,14.92,16.41,14.92,1.4900000000000002,9.99,270534.59,604899.731
002862.SZ,2023-12-19,17.56,18.05,17.33,18.05,16.41,1.6400000000000006,9.99,211797.09,532825.436
002862.SZ,2023-12-20,19.26,19.86,16.77,17.18,18.05,-0.870000000000001,-4.82,471044.85,1260659.523
002862.SZ,2023-12-21,15.59,16.67,15.46,15.46,17.18,-1.7199999999999989,-10.01,393503.77,873787.573
002862.SZ,2023-12-22,15.13,15.3,13.92,13.92,15.46,-1.540000000000001,-9.96,281565.59,571814.804
002862.SZ,2023-12-25,13.89,15.31,13.07,14.54,13.92,0.6199999999999992,4.45,319730.66,631518.276
002862.SZ,2023-12-26,14.62,15.69,14.19,14.28,14.54,-0.2599999999999998,-1.79,299986.56,625380.227
002862.SZ,2023-12-27,14.77,14.98,13.55,13.88,14.28,-0.3999999999999986,-2.8,222547.67,437830.13
002862.SZ,2023-12-28,13.82,15.27,13.48,15.27,13.88,1.3899999999999988,10.01,306837.19,634090.4
002862.SZ,2023-12-29,15.27,16.04,14.05,15.07,15.27,-0.1999999999999993,-1.31,370541.1,763379.939
002862.SZ,2024-01-02,14.63,15.23,14.37,14.86,15.07,-0.21000000000000085,-1.39,249829.0,519453.945
002862.SZ,2024-01-03,14.56,16.34,13.87,15.54,14.86,0.6799999999999997,4.58,357302.26,760863.357
002862.SZ,2024-01-04,15.26,16.99,14.67,16.42,15.54,0.8800000000000026,5.66,352082.19,783036.531
002862.SZ,2024-01-05,16.26,17.62,15.73,16.93,16.42,0.509999999999998,3.11,334525.93,782161.043
002862.SZ,2024-01-08,16.76,17.83,16.11,16.38,16.93,-0.5500000000000007,-3.25,303622.39,722228.454
002862.SZ,2024-01-09,15.62,16.79,15.16,15.37,16.38,-1.0099999999999998,-6.17,256175.68,572938.457
002862.SZ,2024-01-10,14.77,14.92,13.84,13.84,15.37,-1.5299999999999994,-9.95,140586.5,276038.043
002862.SZ,2024-01-11,12.77,13.09,12.45,12.98,13.84,-0.8599999999999994,-6.21,241104.89,430667.105
002862.SZ,2024-01-12,12.7,12.93,12.04,12.1,12.98,-0.8800000000000008,-6.78,198934.13,346005.173
002862.SZ,2024-01-15,11.98,12.18,11.78,11.86,12.1,-0.2400000000000002,-1.98,124758.81,209045.328
002862.SZ,2024-01-16,11.86,11.86,11.16,11.38,11.86,-0.47999999999999865,-4.05,136292.93,217775.873
002862.SZ,2024-01-17,11.28,11.36,10.89,10.91,11.38,-0.47000000000000064,-4.13,108919.18,168745.45
002862.SZ,2024-01-18,10.8,10.87,10.37,10.69,10.91,-0.22000000000000064,-2.02,100661.71,149104.971
002862.SZ,2024-01-19,10.69,11.18,10.63,10.89,10.69,0.20000000000000107,1.87,118092.63,181680.634
002862.SZ,2024-01-22,10.9,11.04,10.06,10.14,10.89,-0.75,-6.89,94008.0,138725.08
002862.SZ,2024-01-23,10.12,10.26,9.68,10.21,10.14,0.07000000000000028,0.69,73912.0,104477.449
002862.SZ,2024-01-24,10.21,10.38,9.9,10.22,10.21,0.009999999999999787,0.1,71815.0,102316.201
002862.SZ,2024-01-25,10.18,10.51,9.99,10.46,10.22,0.2400000000000002,2.35,84119.03,121194.359
002862.SZ,2024-01-26,10.46,11.06,10.35,10.68,10.46,0.21999999999999886,2.1,129815.55,194328.448
002862.SZ,2024-01-29,10.73,10.79,10.02,10.09,10.68,-0.5899999999999999,-5.52,90648.69,130931.068
002862.SZ,2024-01-30,9.87,10.01,9.55,9.56,10.09,-0.5299999999999994,-5.25,74300.5,101616.436
002862.SZ,2024-01-31,9.41,9.64,8.75,8.82,9.56,-0.7400000000000002,-7.74,75493.0,96826.337
002862.SZ,2024-02-01,8.82,8.92,8.33,8.64,8.82,-0.17999999999999972,-2.04,54200.1,65577.328
002862.SZ,2024-02-02,8.65,8.97,8.0,8.24,8.64,-0.40000000000000036,-4.63,57632.9,68715.327
002862.SZ,2024-02-05,8.12,8.24,7.42,7.42,8.24,-0.8200000000000003,-9.95,42403.0,44802.928
002862.SZ,2024-02-06,6.8,7.15,6.68,6.78,7.42,-0.6399999999999997,-8.63,93550.22,88809.841
002862.SZ,2024-02-07,6.74,6.76,6.1,6.1,6.78,-0.6800000000000006,-10.03,85192.5,74257.345
002862.SZ,2024-02-08,5.85,6.45,5.49,6.41,6.1,0.3100000000000005,5.08,140189.43,115363.192
002862.SZ,2024-02-19,6.41,7.05,6.41,7.02,6.41,0.6099999999999994,9.52,119559.75,113242.55
002862.SZ,2024-02-20,7.03,7.26,6.75,7.15,7.02,0.13000000000000078,1.85,94395.26,93955.528
002862.SZ,2024-02-21,7.25,7.87,7.25,7.87,7.15,0.7199999999999998,10.07,75241.0,80560.001
002862.SZ,2024-02-22,7.99,8.27,7.7,8.2,7.87,0.3299999999999992,4.19,151692.5,169621.17
002862.SZ,2024-02-23,8.04,8.6,8.0,8.47,8.2,0.27000000000000135,3.29,142810.29,165656.35
002862.SZ,2024-02-26,8.41,8.99,8.35,8.73,8.47,0.2599999999999998,3.07,131605.5,159633.395
002862.SZ,2024-02-27,8.75,9.44,8.64,9.26,8.73,0.5299999999999994,6.07,128978.4,163558.138
002862.SZ,2024-02-28,9.26,10.19,9.14,9.58,9.26,0.3200000000000003,3.46,262387.93,362726.309
002862.SZ,2024-02-29,8.7,9.63,8.7,9.44,9.58,-0.14000000000000057,-1.46,209236.22,267305.571
002862.SZ,2024-03-01,9.26,9.32,8.92,8.98,9.44,-0.4599999999999991,-4.87,121049.97,153972.779
002862.SZ,2024-03-04,8.94,9.2,8.67,8.92,8.98,-0.0600000000000005,-0.67,96552.66,121095.438
002862.SZ,2024-03-05,8.79,8.88,8.49,8.57,8.92,-0.34999999999999964,-3.92,83864.91,101848.735
002862.SZ,2024-03-06,8.74,8.94,8.63,8.85,8.57,0.27999999999999936,3.27,81695.32,100793.831
002862.SZ,2024-03-07,8.83,9.02,8.67,8.77,8.85,-0.08000000000000007,-0.9,84624.07,104977.322
002862.SZ,2024-03-08,8.77,8.77,8.55,8.66,8.77,-0.10999999999999943,-1.25,53530.5,64979.094
002862.SZ,2024-03-11,8.74,8.9,8.67,8.9,8.66,0.2400000000000002,2.77,68489.0,84660.306
002862.SZ,2024-03-12,9.15,9.41,8.99,9.36,8.9,0.4599999999999991,5.17,159877.18,206963.525
002862.SZ,2024-03-13,9.2,9.53,9.09,9.26,9.36,-0.09999999999999964,-1.07,125947.0,164380.843
002862.SZ,2024-03-14,9.21,9.25,8.8,9.02,9.26,-0.2400000000000002,-2.59,84084.5,106770.464
002862.SZ,2024-03-15,9.04,9.18,8.99,9.12,9.02,0.09999999999999964,1.11,55132.5,70316.935
002862.SZ,2024-03-18,9.27,9.62,9.18,9.51,9.12,0.39000000000000057,4.28,120121.0,158699.776
002862.SZ,2024-03-19,9.52,9.73,9.49,9.7,9.51,0.1899999999999995,2.0,108092.0,145813.088
002862.SZ,2024-03-20,9.63,10.67,9.57,10.67,9.7,0.9700000000000006,10.0,154338.66,223215.195
002862.SZ,2024-03-21,11.53,11.74,11.31,11.74,10.67,1.0700000000000003,10.03,66597.5,108285.452
002862.SZ,2024-03-22,12.92,12.92,11.49,11.66,11.74,-0.08000000000000007,-0.68,372441.33,646896.107
002862.SZ,2024-03-25,10.49,10.89,10.49,10.49,11.66,-1.17,-10.03,88867.0,131129.271
002862.SZ,2024-03-26,9.76,10.23,9.54,9.91,10.49,-0.5800000000000001,-5.53,190610.18,263160.277
002862.SZ,2024-03-27,9.79,9.91,9.39,9.39,9.91,-0.5199999999999996,-5.25,120347.37,162315.862
002862.SZ,2024-03-28,9.14,9.94,9.13,9.74,9.39,0.34999999999999964,3.73,117117.0,159253.12
002862.SZ,2024-03-29,9.77,10.03,9.6,10.01,9.74,0.2699999999999996,2.77,92145.0,127164.312
002862.SZ,2024-04-01,9.86,10.2,9.79,10.16,10.01,0.15000000000000036,1.5,95664.0,135000.883
002862.SZ,2024-04-02,10.16,10.31,10.05,10.17,10.16,0.009999999999999787,0.1,71064.4,101202.812
002862.SZ,2024-04-03,10.06,10.23,9.82,9.85,10.17,-0.3200000000000003,-3.15,57301.0,80099.367
002862.SZ,2024-04-08,9.83,9.93,9.37,9.38,9.85,-0.46999999999999886,-4.77,66944.0,89433.311
002862.SZ,2024-04-09,9.5,9.66,9.39,9.65,9.38,0.2699999999999996,2.88,48787.0,65514.984
002862.SZ,2024-04-10,9.66,9.77,9.26,9.37,9.65,-0.28000000000000114,-2.9,44426.5,58540.906
002862.SZ,2024-04-11,9.32,9.51,9.2,9.27,9.37,-0.09999999999999964,-1.07,32837.0,43175.724
002862.SZ,2024-04-12,9.27,9.96,9.2,9.56,9.27,0.2900000000000009,3.13,84892.0,114664.773
002862.SZ,2024-04-15,9.27,9.29,8.6,8.6,9.56,-0.9600000000000009,-10.04,66955.0,81591.435
002862.SZ,2024-04-16,7.74,7.86,7.74,7.74,8.6,-0.8599999999999994,-10.0,14420.0,15650.333
002862.SZ,2024-04-17,6.97,8.18,6.97,8.01,7.74,0.2699999999999996,3.49,128032.5,136169.864
002862.SZ,2024-04-18,8.02,8.81,7.85,8.81,8.01,0.8000000000000007,9.99,99493.0,116754.059
002862.SZ,2024-04-19,8.73,9.04,8.35,8.42,8.81,-0.39000000000000057,-4.43,87577.5,105789.508
002862.SZ,2024-04-22,8.51,8.56,7.93,8.07,8.42,-0.34999999999999964,-4.16,55184.0,63177.754
002862.SZ,2024-04-23,8.08,8.39,8.07,8.1,8.07,0.02999999999999936,0.37,35153.0,40414.271
002862.SZ,2024-04-24,8.0,8.31,8.0,8.3,8.1,0.20000000000000107,2.47,32224.0,37151.382
002862.SZ,2024-04-25,8.31,8.57,8.23,8.48,8.3,0.17999999999999972,2.17,30365.0,35880.997
002862.SZ,2024-04-26,8.39,8.87,8.39,8.77,8.48,0.28999999999999915,3.42,39842.5,48608.762
002862.SZ,2024-04-29,8.97,9.65,8.97,9.65,8.77,0.8800000000000008,10.03,41617.0,55390.903
002862.SZ,2024-04-30,9.84,10.19,9.57,9.95,9.65,0.29999999999999893,3.11,102144.5,141687.68
002862.SZ,2024-05-06,9.96,10.95,9.96,10.95,9.95,1.0,10.05,151410.68,227213.951
002862.SZ,2024-05-07,10.95,11.71,10.81,11.71,10.95,0.7600000000000016,6.94,138347.24,220126.354
002862.SZ,2024-05-08,11.54,11.57,10.84,10.98,11.71,-0.7300000000000004,-6.23,97696.12,152982.853
002862.SZ,2024-05-09,11.19,11.38,10.96,11.15,10.98,0.16999999999999993,1.55,55635.18,87071.876
002862.SZ,2024-05-10,11.15,11.18,10.87,11.08,11.15,-0.07000000000000028,-0.63,48075.5,74302.538
002862.SZ,2024-05-13,11.34,11.63,10.86,11.32,11.08,0.2400000000000002,2.17,48985.0,76709.35
002862.SZ,2024-05-14,11.05,12.41,11.05,11.7,11.32,0.379999999999999,3.36,101525.0,168565.697
002862.SZ,2024-05-15,11.4,11.69,11.13,11.21,11.7,-0.48999999999999844,-4.19,71977.5,114284.26
002862.SZ,2024-05-16,11.09,11.51,11.04,11.16,11.21,-0.05000000000000071,-0.45,40737.0,63868.695
002862.SZ,2024-05-17,11.16,11.58,11.03,11.57,11.16,0.41000000000000014,3.67,46832.76,74781.683
002862.SZ,2024-05-20,11.58,11.83,11.41,11.79,11.57,0.21999999999999886,1.9,49343.5,80696.318
002862.SZ,2024-05-21,11.8,11.99,11.5,11.91,11.79,0.120000000000001,1.02,51361.0,84621.435
002862.SZ,2024-05-22,11.76,11.99,11.63,11.96,11.91,0.05000000000000071,0.42,34495.0,57231.375
002862.SZ,2024-05-23,11.98,12.24,11.55,11.63,11.96,-0.33000000000000007,-2.76,53846.5,89735.516
002862.SZ,2024-05-24,11.58,11.67,11.05,11.08,11.63,-0.5500000000000007,-4.73,53759.5,84800.301
002862.SZ,2024-05-27,11.52,11.53,10.86,10.89,11.08,-0.1899999999999995,-1.71,40663.5,62731.764
002862.SZ,2024-05-28,10.89,10.98,10.54,10.6,10.89,-0.2900000000000009,-2.66,50356.0,75684.883
002862.SZ,2024-05-29,10.53,10.86,10.53,10.73,10.6,0.13000000000000078,1.23,26707.5,40133.8
002862.SZ,2024-05-30,10.65,10.8,10.43,10.46,10.73,-0.2699999999999996,-2.52,21750.0,32184.064
002862.SZ,2024-05-31,10.53,10.76,10.39,10.57,10.46,0.10999999999999943,1.05,26167.0,38881.736
002862.SZ,2024-06-03,10.68,10.74,10.29,10.35,10.57,-0.22000000000000064,-2.08,23524.5,34430.606
002862.SZ,2024-06-04,10.35,10.4,9.79,9.89,10.35,-0.4599999999999991,-4.44,28157.5,39163.761
002862.SZ,2024-06-05,9.99,9.99,9.42,9.44,9.89,-0.45000000000000107,-4.55,32433.0,43320.226
002862.SZ,2024-06-06,9.4,9.52,8.87,9.01,9.44,-0.4299999999999997,-4.56,39626.5,50295.221
002862.SZ,2024-06-07,9.11,9.91,9.11,9.91,9.01,0.9000000000000004,9.99,50444.98,67798.882
002862.SZ,2024-06-11,10.06,10.46,9.86,10.16,9.91,0.25,2.52,78088.5,110618.168
002862.SZ,2024-06-12,10.17,10.57,10.17,10.47,10.16,0.3100000000000005,3.05,59586.0,86919.819
002862.SZ,2024-06-13,10.61,10.63,10.23,10.34,10.47,-0.13000000000000078,-1.24,36417.5,52822.75
002862.SZ,2024-06-14,10.34,11.04,10.27,11.04,10.34,0.6999999999999993,6.77,54835.5,82107.46
002862.SZ,2024-06-17,10.74,11.26,10.56,10.56,11.04,-0.47999999999999865,-4.35,42517.55,64383.059
002862.SZ,2024-06-18,10.66,10.81,10.41,10.6,10.56,0.03999999999999915,0.38,37391.0,55642.108
002862.SZ,2024-06-19,10.64,10.69,10.33,10.38,10.6,-0.21999999999999886,-2.08,29572.0,43253.73
002862.SZ,2024-06-20,10.51,10.52,9.95,9.95,10.38,-0.4300000000000015,-4.14,24154.5,34292.411
002862.SZ,2024-06-21,9.96,10.13,9.77,9.99,9.95,0.040000000000000924,0.4,18859.5,26444.083
002862.SZ,2024-06-24,9.97,10.09,9.57,9.92,9.99,-0.07000000000000028,-0.7,27602.0,38065.681
002862.SZ,2024-06-25,9.92,10.47,9.91,10.16,9.92,0.2400000000000002,2.42,36288.5,52080.983
002862.SZ,2024-06-26,10.06,10.39,9.84,10.39,10.16,0.23000000000000043,2.26,31053.24,44546.602
002862.SZ,2024-06-27,10.3,10.47,9.87,9.89,10.39,-0.5,-4.81,27508.74,39269.247
002862.SZ,2024-06-28,9.96,10.16,9.59,9.64,9.89,-0.25,-2.53,27485.0,37940.774
002862.SZ,2024-07-01,9.67,9.76,9.4,9.73,9.64,0.08999999999999986,0.93,24039.5,32303.507
002862.SZ,2024-07-02,9.72,10.55,9.69,10.02,9.73,0.28999999999999915,2.98,37085.99,52449.567
002862.SZ,2024-07-03,10.03,10.16,9.79,9.96,10.02,-0.05999999999999872,-0.6,20298.0,28246.252
002862.SZ,2024-07-04,9.96,10.06,9.41,9.45,9.96,-0.5100000000000016,-5.12,20497.24,27650.591
002862.SZ,2024-07-05,9.36,9.69,9.33,9.62,9.45,0.16999999999999993,1.8,16773.0,22473.921
002862.SZ,2024-07-08,9.6,9.69,9.24,9.27,9.62,-0.34999999999999964,-3.64,17517.5,23109.253
002862.SZ,2024-07-09,9.39,9.44,9.02,9.38,9.27,0.11000000000000121,1.19,20033.0,25971.877
002862.SZ,2024-07-10,9.31,9.56,9.2,9.44,9.38,0.05999999999999872,0.64,21948.0,28909.94
002862.SZ,2024-07-11,9.58,9.72,9.47,9.63,9.44,0.19000000000000128,2.01,20887.5,28173.63
002862.SZ,2024-07-12,9.59,9.74,9.4,9.44,9.63,-0.19000000000000128,-1.97,18468.0,24721.036
002862.SZ,2024-07-15,9.44,9.5,9.19,9.35,9.44,-0.08999999999999986,-0.95,14727.0,19211.422
002862.SZ,2024-07-16,9.35,9.5,9.04,9.13,9.35,-0.21999999999999886,-2.35,17921.5,22923.867
002862.SZ,2024-07-17,9.17,9.24,9.06,9.07,9.13,-0.0600000000000005,-0.66,12708.0,16255.768
002862.SZ,2024-07-18,9.07,9.07,8.75,8.92,9.07,-0.15000000000000036,-1.65,16086.0,19983.279
002862.SZ,2024-07-19,8.92,9.49,8.86,9.32,8.92,0.40000000000000036,4.48,26516.5,34202.962
002862.SZ,2024-07-22,9.28,9.78,9.28,9.69,9.32,0.3699999999999992,3.97,34305.0,46100.167
002862.SZ,2024-07-23,9.64,9.82,9.43,9.45,9.69,-0.2400000000000002,-2.48,25572.5,34663.072
002862.SZ,2024-07-24,9.46,9.73,9.2,9.68,9.45,0.23000000000000043,2.43,28997.0,38628.269
002862.SZ,2024-07-25,9.59,9.64,9.34,9.39,9.68,-0.28999999999999915,-3.0,19786.0,26165.468
002862.SZ,2024-07-26,9.39,9.79,9.37,9.73,9.39,0.33999999999999986,3.62,23573.0,31889.926
002862.SZ,2024-07-29,9.72,9.74,9.51,9.56,9.73,-0.16999999999999993,-1.75,15643.5,21041.537
002862.SZ,2024-07-30,9.57,9.57,9.34,9.42,9.56,-0.14000000000000057,-1.46,13860.0,18354.77
002862.SZ,2024-07-31,9.38,9.7,9.27,9.67,9.42,0.25,2.65,17047.01,22934.137
002862.SZ,2024-08-01,9.67,9.77,9.5,9.6,9.67,-0.07000000000000028,-0.72,13331.01,17949.472
002862.SZ,2024-08-02,9.54,9.63,9.42,9.52,9.6,-0.08000000000000007,-0.83,10032.0,13400.735
002862.SZ,2024-08-05,9.48,10.13,9.17,9.2,9.52,-0.3200000000000003,-3.36,47245.0,64179.981
002862.SZ,2024-08-06,9.54,9.54,9.29,9.48,9.2,0.28000000000000114,3.04,28650.5,37702.08
002862.SZ,2024-08-07,9.39,9.7,9.37,9.43,9.48,-0.05000000000000071,-0.53,22497.0,30022.377
002862.SZ,2024-08-08,9.43,9.54,9.13,9.44,9.43,0.009999999999999787,0.11,21784.5,28485.196
002862.SZ,2024-08-09,9.43,9.56,9.16,9.16,9.44,-0.27999999999999936,-2.97,21459.0,28056.974
002862.SZ,2024-08-12,9.15,9.23,8.9,8.98,9.16,-0.17999999999999972,-1.97,16655.0,21040.449
002862.SZ,2024-08-13,8.99,9.19,8.86,9.12,8.98,0.1399999999999988,1.56,14508.5,18412.826
002862.SZ,2024-08-14,9.14,9.38,9.07,9.28,9.12,0.16000000000000014,1.75,14385.5,18643.298
002862.SZ,2024-08-15,9.28,9.67,9.09,9.52,9.28,0.2400000000000002,2.59,27429.0,36377.571
002862.SZ,2024-08-16,9.52,9.53,9.32,9.37,9.52,-0.15000000000000036,-1.58,17779.5,23429.468
002862.SZ,2024-08-19,9.29,9.47,9.24,9.33,9.37,-0.03999999999999915,-0.43,13616.0,17866.562
002862.SZ,2024-08-20,9.33,9.63,9.22,9.42,9.33,0.08999999999999986,0.96,23757.45,31476.125
002862.SZ,2024-08-21,9.42,9.56,9.36,9.42,9.42,0.0,0.0,15024.0,19892.491
002862.SZ,2024-08-22,9.39,9.7,9.39,9.43,9.42,0.009999999999999787,0.11,28076.05,37610.555
002862.SZ,2024-08-23,9.39,9.8,9.2,9.78,9.43,0.34999999999999964,3.71,47303.43,63260.625
002862.SZ,2024-08-26,9.77,9.84,9.53,9.63,9.78,-0.14999999999999858,-1.53,60235.07,81400.295
002862.SZ,2024-08-27,9.55,9.55,9.15,9.17,9.63,-0.46000000000000085,-4.78,34069.72,44406.515
002862.SZ,2024-08-28,9.0,9.54,8.93,9.39,9.17,0.22000000000000064,2.4,29396.44,38248.254
002862.SZ,2024-08-29,9.39,9.42,9.21,9.35,9.39,-0.040000000000000924,-0.43,18668.0,24417.664
002862.SZ,2024-08-30,9.39,9.74,9.35,9.63,9.35,0.28000000000000114,2.99,33071.89,44477.618
002862.SZ,2024-09-02,9.74,10.2,9.63,9.64,9.63,0.009999999999999787,0.1,37199.5,51349.069
002862.SZ,2024-09-03,9.67,10.6,9.54,10.09,9.64,0.4499999999999993,4.67,101403.43,143846.897
002862.SZ,2024-09-04,10.09,10.18,9.67,9.87,10.09,-0.22000000000000064,-2.18,68767.0,95404.122
002862.SZ,2024-09-05,9.85,10.08,9.74,9.84,9.87,-0.02999999999999936,-0.3,41279.0,57209.971
002862.SZ,2024-09-06,9.74,9.87,9.5,9.5,9.84,-0.33999999999999986,-3.46,31983.99,43359.013
002862.SZ,2024-09-09,9.42,9.76,9.26,9.68,9.5,0.17999999999999972,1.89,26594.0,35781.462
002862.SZ,2024-09-10,9.77,9.84,9.59,9.78,9.68,0.09999999999999964,1.03,20879.0,28461.731
002862.SZ,2024-09-11,9.79,9.91,9.7,9.77,9.78,-0.009999999999999787,-0.1,20833.0,28589.567
002862.SZ,2024-09-12,9.77,9.85,9.52,9.69,9.77,-0.08000000000000007,-0.82,22636.5,30888.034
002862.SZ,2024-09-13,9.74,9.9,9.43,9.59,9.69,-0.09999999999999964,-1.03,29525.99,39902.179
002862.SZ,2024-09-18,9.49,10.06,9.49,9.99,9.59,0.40000000000000036,4.17,55939.99,77586.617
002862.SZ,2024-09-19,9.99,10.29,9.88,10.18,9.99,0.1899999999999995,1.9,45348.0,64640.899
002862.SZ,2024-09-20,10.17,10.26,9.88,10.07,10.18,-0.10999999999999943,-1.08,34937.51,49351.287
002862.SZ,2024-09-23,10.02,10.42,10.0,10.36,10.07,0.28999999999999915,2.88,33550.75,48252.827
002862.SZ,2024-09-24,10.41,10.42,9.92,10.16,10.36,-0.1999999999999993,-1.93,72922.0,103485.965
002862.SZ,2024-09-25,10.06,10.7,10.06,10.25,10.16,0.08999999999999986,0.89,75673.24,110062.406
002862.SZ,2024-09-26,10.32,10.53,9.97,10.46,10.25,0.21000000000000085,2.05,54548.0,78761.078
002862.SZ,2024-09-27,10.58,10.97,10.4,10.78,10.46,0.3199999999999985,3.06,90514.0,135309.048
002862.SZ,2024-09-30,11.09,11.68,10.63,11.63,10.78,0.8500000000000014,7.88,149886.3,235781.531
002862.SZ,2024-10-08,12.41,12.75,11.64,11.98,11.63,0.34999999999999964,3.01,179948.0,304396.747
002862.SZ,2024-10-09,11.7,11.7,10.79,11.1,11.98,-0.8800000000000008,-7.35,89496.5,141193.335
002862.SZ,2024-10-10,11.19,11.61,11.06,11.24,11.1,0.14000000000000057,1.26,71752.72,114486.869
002862.SZ,2024-10-11,11.31,11.48,10.66,10.77,11.24,-0.47000000000000064,-4.18,48006.0,74024.54
002862.SZ,2024-10-14,10.98,11.18,10.9,11.14,10.77,0.370000000000001,3.44,57739.0,89484.864
002862.SZ,2024-10-15,11.13,11.53,10.99,11.36,11.14,0.21999999999999886,1.97,59107.5,93881.185
002862.SZ,2024-10-16,11.27,11.91,11.21,11.91,11.36,0.5500000000000007,4.84,94018.5,153753.984
002862.SZ,2024-10-17,11.88,12.6,11.87,12.02,11.91,0.10999999999999943,0.92,136007.5,232738.832
002862.SZ,2024-10-18,11.94,12.19,11.45,11.76,12.02,-0.2599999999999998,-2.16,107027.23,176093.485
002862.SZ,2024-10-21,11.76,12.02,11.74,11.92,11.76,0.16000000000000014,1.36,68986.5,115173.646
002862.SZ,2024-10-22,11.83,12.39,11.8,12.06,11.92,0.14000000000000057,1.17,83279.5,141332.806
002862.SZ,2024-10-23,12.03,12.4,11.87,12.28,12.06,0.21999999999999886,1.82,67493.5,115186.674
002862.SZ,2024-10-24,12.29,12.82,12.19,12.6,12.28,0.3200000000000003,2.61,91075.75,161000.732
002862.SZ,2024-10-25,12.6,12.86,12.3,12.69,12.6,0.08999999999999986,0.71,70530.0,124440.913
002862.SZ,2024-10-28,12.71,13.2,12.48,13.17,12.69,0.4800000000000004,3.78,77722.0,140412.355
002862.SZ,2024-10-29,13.41,13.54,12.75,12.82,13.17,-0.34999999999999964,-2.66,71010.0,130738.214
002862.SZ,2024-10-30,12.75,12.97,12.46,12.7,12.82,-0.120000000000001,-0.94,52626.5,93460.015
002862.SZ,2024-10-31,12.72,13.1,12.7,12.88,12.7,0.1800000000000015,1.42,43954.5,79402.953
002862.SZ,2024-11-01,12.79,13.1,12.22,12.28,12.88,-0.6000000000000014,-4.66,59000.5,103562.681
002862.SZ,2024-11-04,12.34,12.62,12.17,12.38,12.28,0.10000000000000142,0.81,40973.0,71189.399
002862.SZ,2024-11-05,12.51,12.7,12.4,12.55,12.38,0.16999999999999993,1.37,46231.5,81216.449
002862.SZ,2024-11-06,12.49,13.3,12.27,12.95,12.55,0.3999999999999986,3.19,76790.0,137626.039
002862.SZ,2024-11-07,12.96,14.25,12.84,14.25,12.95,1.3000000000000007,10.04,141439.9,278621.499
002862.SZ,2024-11-08,14.63,15.68,14.63,15.51,14.25,1.2599999999999998,8.84,235059.78,510723.939
002862.SZ,2024-11-11,15.11,16.23,14.74,15.82,15.51,0.3100000000000005,2.0,202265.9,436620.604
002862.SZ,2024-11-12,15.82,17.08,15.22,15.22,15.82,-0.5999999999999996,-3.79,207764.0,468090.63
002862.SZ,2024-11-13,15.69,16.18,15.0,15.56,15.22,0.33999999999999986,2.23,147972.5,323568.237
002862.SZ,2024-11-14,16.41,17.11,16.41,17.1,15.56,1.540000000000001,9.9,283826.22,676488.814
002862.SZ,2024-11-15,16.86,17.95,15.61,16.4,17.1,-0.7000000000000028,-4.09,290265.14,691390.992
002862.SZ,2024-11-18,16.73,16.87,14.76,14.76,16.4,-1.6399999999999988,-10.0,143598.86,313049.005
002862.SZ,2024-11-19,14.77,16.19,14.58,15.97,14.76,1.2100000000000009,8.2,140588.93,301370.654
002862.SZ,2024-11-20,16.58,17.57,16.58,17.57,15.97,1.5999999999999996,10.02,27871.0,68063.814
002862.SZ,2024-11-21,19.32,19.32,19.32,19.32,17.57,1.75,9.96,6633.0,17968.797
002862.SZ,2024-11-22,21.26,21.26,21.26,21.26,19.32,1.9400000000000013,10.04,17307.0,51574.86
002862.SZ,2024-11-25,23.38,23.38,23.38,23.38,21.26,2.1199999999999974,9.97,5673.0,18596.094
002862.SZ,2024-11-26,25.72,25.72,25.72,25.72,23.38,2.34,10.01,3091.5,11147.949
002862.SZ,2024-11-27,26.13,28.3,24.22,28.3,25.72,2.580000000000002,10.03,375681.72,1392220.231
002862.SZ,2024-11-28,29.15,31.13,26.04,29.7,28.3,1.3999999999999986,4.95,443499.55,1813934.951
002862.SZ,2024-11-29,26.73,26.73,26.73,26.73,29.7,-2.969999999999999,-10.0,41855.0,156872.54
002862.SZ,2024-12-02,24.06,26.15,24.06,24.35,26.73,-2.379999999999999,-8.9,364256.67,1263304.661
002862.SZ,2024-12-03,23.61,24.38,22.37,23.25,24.35,-1.1000000000000014,-4.52,256412.03,841018.383
002862.SZ,2024-12-04,22.7,23.97,22.26,22.43,23.25,-0.8200000000000003,-3.53,187807.5,607496.658
002862.SZ,2024-12-05,22.25,23.7,21.58,23.11,22.43,0.6799999999999997,3.03,179219.71,567186.533
002862.SZ,2024-12-06,22.5,23.43,22.3,22.78,23.11,-0.3299999999999983,-1.43,147362.96,470864.597
002862.SZ,2024-12-09,22.78,25.06,22.68,24.29,22.78,1.509999999999998,6.63,233840.22,787740.736
002862.SZ,2024-12-10,25.04,26.72,23.54,25.59,24.29,1.3000000000000007,5.35,214621.75,774174.039
002862.SZ,2024-12-11,26.14,28.15,25.68,28.15,25.59,2.5599999999999987,10.0,201288.86,762519.814
002862.SZ,2024-12-12,28.53,30.96,26.46,28.68,28.15,0.5300000000000011,1.88,294104.81,1204593.483
002862.SZ,2024-12-13,28.96,31.39,27.48,29.65,28.68,0.9699999999999989,3.38,214774.73,893430.651
002862.SZ,2024-12-16,28.53,29.14,26.68,26.68,29.65,-2.969999999999999,-10.02,185953.14,712470.434
002862.SZ,2024-12-17,25.81,26.24,24.01,24.01,26.68,-2.669999999999998,-10.01,113582.5,396253.495
002862.SZ,2024-12-18,23.33,26.37,23.33,25.08,24.01,1.0699999999999967,4.46,170949.32,596953.242
002862.SZ,2024-12-19,23.74,24.37,22.57,22.57,25.08,-2.509999999999998,-10.01,134615.5,432290.666
002862.SZ,2024-12-20,23.25,24.74,22.97,23.08,22.57,0.509999999999998,2.26,148614.36,493476.607
002862.SZ,2024-12-23,23.26,24.22,20.77,20.77,23.08,-2.3099999999999987,-10.01,166655.36,504526.695
002862.SZ,2024-12-24,20.77,21.55,19.67,21.44,20.77,0.6700000000000017,3.23,136365.5,394860.582
002862.SZ,2024-12-25,20.69,21.11,19.4,20.34,21.44,-1.1000000000000014,-5.13,119246.4,337471.269
002862.SZ,2024-12-26,20.63,22.37,20.26,22.37,20.34,2.030000000000001,9.98,103452.36,312964.896
002862.SZ,2024-12-27,22.37,23.43,21.74,22.47,22.37,0.09999999999999787,0.45,157951.0,503381.581
002862.SZ,2024-12-30,22.47,22.82,21.55,21.95,22.47,-0.5199999999999996,-2.31,86132.36,268364.415
002862.SZ,2024-12-31,21.96,22.07,20.63,20.83,21.95,-1.120000000000001,-5.1,78862.26,234257.007
002862.SZ,2025-01-02,20.83,22.02,20.83,21.19,20.83,0.360000000000003,1.73,114225.0,343458.295
002862.SZ,2025-01-03,21.81,21.96,20.31,21.04,21.19,-0.15000000000000213,-0.71,130496.64,388146.982
002862.SZ,2025-01-06,20.99,21.79,19.62,20.83,21.04,-0.21000000000000085,-1.0,99610.0,292077.735
002862.SZ,2025-01-07,20.81,22.91,20.72,22.91,20.83,2.080000000000002,9.99,159698.5,496140.669
002862.SZ,2025-01-08,23.25,24.54,22.7,23.97,22.91,1.0599999999999987,4.63,204137.16,681201.382
002862.SZ,2025-01-09,24.98,26.37,23.05,23.68,23.97,-0.28999999999999915,-1.21,247245.66,860221.422
002862.SZ,2025-01-10,25.68,26.05,22.22,22.31,23.68,-1.370000000000001,-5.79,259435.16,875565.494
002862.SZ,2025-01-13,20.69,22.28,20.69,21.19,22.31,-1.1199999999999974,-5.02,158038.64,471810.323
002862.SZ,2025-01-14,21.16,23.3,21.12,22.94,21.19,1.75,8.26,226474.64,717514.687
002862.SZ,2025-01-15,24.02,25.18,23.22,24.59,22.94,1.6499999999999986,7.19,214309.0,723100.473
002862.SZ,2025-01-16,23.75,26.56,23.68,25.13,24.59,0.5399999999999991,2.2,244645.64,853812.092
002862.SZ,2025-01-17,24.5,24.89,23.13,23.67,25.13,-1.4599999999999973,-5.81,170163.36,570591.092
002862.SZ,2025-01-20,24.2,25.67,23.91,24.61,23.67,0.9399999999999977,3.97,169141.5,587683.799
002862.SZ,2025-01-21,26.04,27.07,26.04,27.07,24.61,2.460000000000001,10.0,295257.25,1109920.609
002862.SZ,2025-01-22,25.98,27.76,25.59,26.06,27.07,-1.0100000000000016,-3.73,208586.5,775137.628
002862.SZ,2025-01-23,25.66,27.63,24.64,26.78,26.06,0.7200000000000024,2.76,210390.95,773212.103
002862.SZ,2025-01-24,26.39,28.96,25.82,27.56,26.78,0.7799999999999976,2.91,173375.81,661198.587
002862.SZ,2025-01-27,28.25,29.66,27.34,28.25,27.56,0.6900000000000013,2.5,175105.36,700993.616
002862.SZ,2025-02-05,27.32,29.39,25.42,25.42,28.25,-2.8299999999999983,-10.02,185516.53,703539.609
002862.SZ,2025-02-06,24.45,26.58,23.62,26.05,25.42,0.629999999999999,2.48,162034.73,581142.697
002862.SZ,2025-02-07,25.96,26.75,24.75,25.47,26.05,-0.5800000000000018,-2.23,228567.56,822518.418
002862.SZ,2025-02-10,25.32,25.86,24.59,25.78,25.47,0.3100000000000023,1.22,142973.5,508308.42
002862.SZ,2025-02-11,26.25,27.46,25.54,26.54,25.78,0.759999999999998,2.95,201541.16,744396.449
002862.SZ,2025-02-12,26.04,26.81,25.32,25.96,26.54,-0.5799999999999983,-2.19,163750.26,592691.057
002862.SZ,2025-02-13,26.11,26.11,24.4,24.42,25.96,-1.5399999999999991,-5.93,158670.37,562214.157
002862.SZ,2025-02-14,24.04,24.04,22.09,22.63,24.42,-1.7900000000000027,-7.33,188254.4,606396.441
002862.SZ,2025-02-17,22.64,22.97,21.91,22.97,22.63,0.33999999999999986,1.5,135338.01,426422.55
002862.SZ,2025-02-18,22.74,22.85,21.62,21.71,22.97,-1.259999999999998,-5.49,105186.5,326195.567
002862.SZ,2025-02-19,21.71,22.2,21.56,22.11,21.71,0.3999999999999986,1.84,77029.99,237300.584
002862.SZ,2025-02-20,22.11,23.72,22.08,23.54,22.11,1.4299999999999997,6.47,156167.47,503875.432
002862.SZ,2025-02-21,23.2,23.2,22.48,22.97,23.54,-0.5700000000000003,-2.42,129300.98,414090.042
002862.SZ,2025-02-24,22.74,22.74,21.81,22.12,22.97,-0.8499999999999979,-3.7,95080.5,295270.32
002862.SZ,2025-02-25,21.83,22.65,21.58,22.35,22.12,0.23000000000000043,1.04,78122.36,242955.068
002862.SZ,2025-02-26,22.33,22.46,21.91,22.05,22.35,-0.3000000000000007,-1.34,69134.09,213920.279
002862.SZ,2025-02-27,21.97,22.96,21.83,22.3,22.05,0.25,1.13,86794.77,272740.388
002862.SZ,2025-02-28,22.76,22.9,21.05,21.19,22.3,-1.1099999999999994,-4.98,111088.0,346267.41
002862.SZ,2025-03-03,20.96,21.04,19.9,19.94,21.19,-1.25,-5.9,87536.0,248688.263
002862.SZ,2025-03-04,19.49,20.33,19.49,20.27,19.94,0.3299999999999983,1.65,52986.5,149251.804
002862.SZ,2025-03-05,20.24,20.24,19.69,20.17,20.27,-0.09999999999999787,-0.49,62971.0,175849.285
002862.SZ,2025-03-06,20.15,21.11,20.14,20.65,20.17,0.4799999999999969,2.38,78000.91,225466.646
002862.SZ,2025-03-07,20.54,20.99,19.94,20.19,20.65,-0.4599999999999973,-2.23,68111.5,195660.852
002862.SZ,2025-03-10,19.97,20.76,19.9,20.48,20.19,0.28999999999999915,1.44,66655.45,190885.991
002862.SZ,2025-03-11,20.12,20.36,19.92,20.25,20.48,-0.23000000000000043,-1.12,49672.0,139688.703
002862.SZ,2025-03-12,20.41,20.68,20.32,20.38,20.25,0.129999999999999,0.64,48795.0,139846.656
002862.SZ,2025-03-13,20.32,20.32,19.36,19.6,20.38,-0.7799999999999976,-3.83,69591.0,192096.424
002862.SZ,2025-03-14,19.61,21.17,19.61,20.94,19.6,1.3399999999999999,6.84,129594.15,372610.327
002862.SZ,2025-03-17,21.34,22.31,21.25,21.84,20.94,0.8999999999999986,4.3,150568.89,460359.147
002862.SZ,2025-03-18,22.16,22.38,20.91,21.76,21.84,-0.0799999999999983,-0.37,142449.99,430756.827
002862.SZ,2025-03-19,21.55,22.47,21.38,21.87,21.76,0.10999999999999943,0.51,124802.5,386040.326
002862.SZ,2025-03-20,22.11,22.11,21.26,21.34,21.87,-0.5300000000000011,-2.42,89557.5,270550.442
002862.SZ,2025-03-21,21.04,21.14,19.95,19.97,21.34,-1.370000000000001,-6.42,84580.45,241475.374
002862.SZ,2025-03-24,19.83,20.11,18.75,19.42,19.97,-0.5499999999999972,-2.75,64901.89,176150.144
002862.SZ,2025-03-25,19.39,19.39,18.91,18.97,19.42,-0.45000000000000284,-2.32,43737.45,116698.001
002862.SZ,2025-03-26,19.0,19.54,19.0,19.25,18.97,0.28000000000000114,1.48,38128.0,102939.675
002862.SZ,2025-03-27,19.47,20.61,19.27,19.92,19.25,0.6700000000000017,3.48,87659.0,245536.969
002862.SZ,2025-03-28,19.62,19.9,19.44,19.59,19.92,-0.33000000000000185,-1.66,50968.0,140121.566
002862.SZ,2025-03-31,19.33,20.29,18.65,20.18,19.59,0.5899999999999999,3.01,83612.49,226958.105
002862.SZ,2025-04-01,20.2,21.37,20.2,20.68,20.18,0.5,2.48,119918.19,351105.195
002862.SZ,2025-04-02,20.41,20.94,20.04,20.1,20.68,-0.5799999999999983,-2.8,84477.49,240627.97
002862.SZ,2025-04-03,19.41,19.75,18.8,18.9,20.1,-1.2000000000000028,-5.97,80243.09,216077.755
002862.SZ,2025-04-07,17.01,17.01,17.01,17.01,18.9,-1.889999999999997,-10.0,8779.0,20929.136
002862.SZ,2025-04-08,15.31,16.04,15.31,15.31,17.01,-1.700000000000001,-9.99,40574.0,87680.461
002862.SZ,2025-04-09,13.77,15.61,13.77,15.09,15.31,-0.22000000000000064,-1.44,103751.96,210399.966
002862.SZ,2025-04-10,15.54,16.09,15.54,16.0,15.09,0.9100000000000001,6.03,89323.65,199049.071
002862.SZ,2025-04-11,15.76,16.18,15.76,15.97,16.0,-0.02999999999999936,-0.19,53726.0,120419.527
002862.SZ,2025-04-14,16.18,17.33,16.18,16.89,15.97,0.9199999999999999,5.76,74721.55,177192.422
002862.SZ,2025-04-15,16.91,18.08,16.78,17.05,16.89,0.16000000000000014,0.95,93147.4,227197.592
002862.SZ,2025-04-16,16.83,17.04,16.16,16.31,17.05,-0.740000000000002,-4.34,69041.15,160038.879
002862.SZ,2025-04-17,16.21,16.76,16.18,16.48,16.31,0.1700000000000017,1.04,46328.5,107244.201
002862.SZ,2025-04-18,16.53,16.54,16.14,16.28,16.48,-0.1999999999999993,-1.21,32753.0,74716.404
002862.SZ,2025-04-21,16.28,16.68,15.99,16.68,16.28,0.3999999999999986,2.46,42093.0,97229.668
002862.SZ,2025-04-22,16.94,16.98,16.29,16.46,16.68,-0.21999999999999886,-1.32,34935.0,80835.49
002862.SZ,2025-04-23,16.76,17.21,16.75,16.84,16.46,0.379999999999999,2.31,49853.0,118355.69
002862.SZ,2025-04-24,16.76,16.91,16.39,16.48,16.84,-0.35999999999999943,-2.14,37969.0,88232.555
002862.SZ,2025-04-25,16.47,16.75,16.37,16.48,16.48,0.0,0.0,27858.0,64499.14
002862.SZ,2025-04-28,16.48,17.66,16.27,16.86,16.48,0.379999999999999,2.31,83157.0,198345.178
002862.SZ,2025-04-29,16.76,17.45,16.76,17.12,16.86,0.26000000000000156,1.54,64071.0,154437.185
002862.SZ,2025-04-30,17.12,17.5,17.12,17.3,17.12,0.17999999999999972,1.05,65377.5,158890.232
002862.SZ,2025-05-06,17.58,17.98,17.35,17.9,17.3,0.5999999999999979,3.47,58260.0,144850.45
002862.SZ,2025-05-07,18.9,19.1,17.98,18.24,17.9,0.33999999999999986,1.9,110992.28,287848.774
002862.SZ,2025-05-08,18.1,18.44,18.07,18.27,18.24,0.030000000000001137,0.16,43886.4,112537.675
002862.SZ,2025-05-09,18.3,18.41,18.02,18.05,18.27,-0.21999999999999886,-1.2,41739.0,106406.202
002862.SZ,2025-05-12,18.65,18.9,18.16,18.46,18.05,0.41000000000000014,2.27,49642.0,127873.915
002862.SZ,2025-05-13,18.76,19.25,18.43,18.47,18.46,0.00999999999999801,0.05,83358.0,219005.471
002862.SZ,2025-05-14,18.2,18.39,17.78,17.99,18.47,-0.4800000000000004,-2.6,70530.0,177743.861
002862.SZ,2025-05-15,17.99,18.0,17.6,17.74,17.99,-0.25,-1.39,36671.0,91386.871
002862.SZ,2025-05-16,17.88,18.49,17.76,18.21,17.74,0.4700000000000024,2.65,73450.1,133138.101
002862.SZ,2025-05-19,18.16,18.21,17.51,18.2,18.21,-0.010000000000001563,-0.05,63585.0,113955.575
002862.SZ,2025-05-20,18.09,20.02,18.09,20.02,18.2,1.8200000000000003,10.0,162925.9,313053.766
002862.SZ,2025-05-21,20.57,20.58,19.29,19.48,20.02,-0.5399999999999991,-2.7,233096.8,458922.048
002862.SZ,2025-05-22,19.32,20.35,18.93,19.88,19.48,0.3999999999999986,2.05,240354.7,474134.453
002862.SZ,2025-05-23,19.45,19.69,18.31,18.52,19.88,-1.3599999999999994,-6.84,162904.98,306648.682
002862.SZ,2025-05-26,18.8,20.37,18.28,20.37,18.52,1.8500000000000014,9.99,210277.42,410208.07
002862.SZ,2025-05-27,20.55,22.41,20.4,20.81,20.37,0.4399999999999977,2.16,403453.11,854144.354
002862.SZ,2025-05-28,20.5,21.5,20.1,21.23,20.81,0.4200000000000017,2.02,317953.46,655842.646
002862.SZ,2025-05-29,20.68,20.68,20.0,20.4,21.23,-0.8300000000000018,-3.91,220929.12,449239.067
002862.SZ,2025-05-30,20.07,20.5,19.5,19.67,20.4,-0.7299999999999969,-3.58,129830.3,258180.151
002862.SZ,2025-06-03,19.6,20.98,19.44,20.59,19.67,0.9199999999999982,4.68,192693.7,392804.088
002862.SZ,2025-06-04,20.27,21.5,20.14,21.41,20.59,0.8200000000000003,3.98,247311.34,518399.802
002862.SZ,2025-06-05,21.15,21.87,20.64,20.78,21.41,-0.629999999999999,-2.94,221986.84,469802.831
002862.SZ,2025-06-06,20.78,20.91,19.96,20.15,20.78,-0.6300000000000026,-3.03,137050.99,276329.072
002862.SZ,2025-06-09,20.24,20.98,20.12,20.86,20.15,0.7100000000000009,3.52,149710.8,309604.394
002862.SZ,2025-06-10,20.68,21.35,20.31,21.0,20.86,0.14000000000000057,0.67,187859.17,391596.332
002862.SZ,2025-06-11,21.14,22.5,20.95,21.17,21.0,0.1700000000000017,0.81,241085.08,518198.687
002862.SZ,2025-06-12,20.88,23.29,20.88,23.29,21.17,2.1199999999999974,10.01,332541.43,741730.658
002862.SZ,2025-06-13,23.29,23.59,21.8,21.8,23.29,-1.4899999999999984,-6.4,394987.28,890690.573
002862.SZ,2025-06-16,21.75,22.49,21.51,22.24,21.8,0.4399999999999977,2.02,233762.0,517406.685
002862.SZ,2025-06-17,22.2,22.2,21.3,21.55,22.24,-0.6899999999999977,-3.1,187691.76,403810.33
002862.SZ,2025-06-18,21.2,21.2,20.06,20.09,21.55,-1.4600000000000009,-6.77,184701.28,376051.931
002862.SZ,2025-06-19,20.0,20.0,18.8,18.95,20.09,-1.1400000000000006,-5.67,143525.8,275680.798
002862.SZ,2025-06-20,18.78,19.05,18.2,18.29,18.95,-0.6600000000000001,-3.48,93588.0,173025.619
002862.SZ,2025-06-23,18.13,18.53,17.98,18.51,18.29,0.22000000000000242,1.2,64127.97,117759.143
002862.SZ,2025-06-24,18.47,19.27,18.47,19.26,18.51,0.75,4.05,96109.2,182211.806
002862.SZ,2025-06-25,19.29,19.29,18.89,19.1,19.26,-0.16000000000000014,-0.83,81154.3,154633.041
002862.SZ,2025-06-26,19.0,19.26,18.82,18.94,19.1,-0.16000000000000014,-0.84,71760.0,136394.629
002862.SZ,2025-06-27,18.81,19.06,18.75,18.88,18.94,-0.060000000000002274,-0.32,51464.14,97204.621
002862.SZ,2025-06-30,18.99,19.75,18.81,19.63,18.88,0.75,3.97,105789.6,205426.737
002862.SZ,2025-07-01,19.43,19.5,19.02,19.17,19.63,-0.4599999999999973,-2.34,79152.76,152228.981
002862.SZ,2025-07-02,19.13,19.14,18.88,19.1,19.17,-0.07000000000000028,-0.37,38578.8,73326.906
002862.SZ,2025-07-03,19.05,19.25,18.91,19.02,19.1,-0.08000000000000185,-0.42,38303.41,72916.01
002862.SZ,2025-07-04,19.01,19.01,18.6,18.78,19.02,-0.23999999999999844,-1.26,53129.41,99828.933
002862.SZ,2025-07-07,18.8,18.87,18.65,18.87,18.78,0.08999999999999986,0.48,40885.8,76719.579
002862.SZ,2025-07-08,18.84,18.97,18.76,18.9,18.87,0.029999999999997584,0.16,42928.2,81055.711
002862.SZ,2025-07-09,18.9,19.33,18.9,19.02,18.9,0.120000000000001,0.63,71039.4,135881.216
002862.SZ,2025-07-10,18.98,19.05,18.7,18.78,19.02,-0.23999999999999844,-1.26,44873.0,84372.067
002862.SZ,2025-07-11,18.77,18.87,18.6,18.84,18.78,0.05999999999999872,0.32,42510.8,79672.627
002862.SZ,2025-07-14,18.84,18.85,18.65,18.82,18.84,-0.019999999999999574,-0.11,31114.0,58318.888
002862.SZ,2025-07-15,18.46,18.49,18.09,18.11,18.82,-0.7100000000000009,-3.77,79098.2,144043.277
002862.SZ,2025-07-16,18.11,19.47,18.11,18.79,18.11,0.6799999999999997,3.75,101930.74,190952.558
002862.SZ,2025-07-17,18.68,18.85,18.57,18.83,18.79,0.03999999999999915,0.21,55804.0,104252.763
002862.SZ,2025-07-18,18.92,19.55,18.65,19.13,18.83,0.3000000000000007,1.59,122144.9,233722.357
002862.SZ,2025-07-21,18.82,18.99,18.62,18.88,19.13,-0.25,-1.31,72786.4,136910.796
002862.SZ,2025-07-22,18.86,18.87,18.48,18.56,18.88,-0.3200000000000003,-1.69,60998.6,113429.219
002862.SZ,2025-07-23,18.58,18.72,18.38,18.44,18.56,-0.11999999999999744,-0.65,42384.7,78418.861
002862.SZ,2025-07-24,18.4,18.61,18.36,18.45,18.44,0.00999999999999801,0.05,41319.1,76150.912
002862.SZ,2025-07-25,18.5,18.75,18.42,18.58,18.45,0.129999999999999,0.7,51951.8,96583.621
002862.SZ,2025-07-28,18.73,18.78,18.5,18.5,18.58,-0.0799999999999983,-0.43,41692.7,77566.022
002862.SZ,2025-07-29,18.89,18.96,18.49,18.59,18.5,0.08999999999999986,0.49,52612.5,98105.307
002862.SZ,2025-07-30,18.5,18.59,18.32,18.4,18.59,-0.19000000000000128,-1.02,44579.1,82107.147
002862.SZ,2025-07-31,18.6,19.04,18.52,18.62,18.4,0.22000000000000242,1.2,76611.36,143787.178
002862.SZ,2025-08-01,18.54,18.95,18.25,18.84,18.62,0.21999999999999886,1.18,78751.8,146354.024
002862.SZ,2025-08-04,18.66,18.75,18.35,18.66,18.84,-0.17999999999999972,-0.96,40099.0,74501.648
002862.SZ,2025-08-05,18.72,18.84,18.62,18.77,18.66,0.10999999999999943,0.59,48259.9,90301.166
002862.SZ,2025-08-06,18.72,19.09,18.72,18.84,18.77,0.07000000000000028,0.37,55962.4,105452.552
002862.SZ,2025-08-07,18.81,19.65,18.79,19.33,18.84,0.48999999999999844,2.6,173598.65,336086.315
002862.SZ,2025-08-08,19.22,19.3,18.6,18.7,19.33,-0.629999999999999,-3.26,105193.48,197399.108
002862.SZ,2025-08-11,18.7,18.91,18.52,18.84,18.7,0.14000000000000057,0.75,64355.77,120946.097
002862.SZ,2025-08-12,18.85,19.16,18.76,18.98,18.84,0.14000000000000057,0.74,65522.92,124175.482
002862.SZ,2025-08-13,18.99,19.04,18.71,18.84,18.98,-0.14000000000000057,-0.74,60373.8,113613.035
002862.SZ,2025-08-14,18.87,19.05,18.7,18.72,18.84,-0.120000000000001,-0.64,80139.4,151210.482
002862.SZ,2025-08-15,19.97,20.5,19.05,19.68,18.72,0.9600000000000009,5.13,239063.3,475611.629
002862.SZ,2025-08-18,19.81,20.16,19.6,19.95,19.68,0.2699999999999996,1.37,179470.22,357937.576
002862.SZ,2025-08-19,19.95,20.12,19.76,19.82,19.95,-0.129999999999999,-0.65,111496.49,222220.521
002862.SZ,2025-08-20,19.81,20.48,19.56,20.34,19.82,0.5199999999999996,2.62,146390.14,294508.056
002862.SZ,2025-08-21,20.43,20.6,20.18,20.26,20.34,-0.0799999999999983,-0.39,106419.6,216674.218
002862.SZ,2025-08-22,21.1,21.81,20.52,21.24,20.26,0.9799999999999969,4.84,195542.34,411436.885
002862.SZ,2025-08-25,21.17,21.51,21.0,21.25,21.24,0.010000000000001563,0.05,144275.0,305997.726
002862.SZ,2025-08-26,21.25,21.98,21.03,21.6,21.25,0.3500000000000014,1.65,126283.37,272456.968
002862.SZ,2025-08-27,21.82,21.92,20.14,20.18,21.6,-1.4200000000000017,-6.57,183535.2,383011.783
002862.SZ,2025-08-28,20.16,20.38,19.4,20.09,20.18,-0.08999999999999986,-0.45,107580.34,214379.6
002862.SZ,2025-08-29,20.3,20.3,19.8,19.83,20.09,-0.26000000000000156,-1.29,57917.5,115855.085
002862.SZ,2025-09-01,19.93,19.99,19.56,19.71,19.83,-0.11999999999999744,-0.61,50817.4,100641.266
002862.SZ,2025-09-02,19.73,19.8,19.18,19.42,19.71,-0.28999999999999915,-1.47,65670.47,127494.003
002862.SZ,2025-09-03,19.62,19.62,18.71,18.81,19.42,-0.610000000000003,-3.14,53428.0,102291.412
002862.SZ,2025-09-04,18.81,19.48,18.78,19.07,18.81,0.26000000000000156,1.38,70780.6,135682.19
002862.SZ,2025-09-05,19.29,19.33,18.76,19.31,19.07,0.23999999999999844,1.26,52059.15,99647.732
002862.SZ,2025-09-08,19.3,19.78,19.18,19.54,19.31,0.23000000000000043,1.19,46060.8,89804.536
002862.SZ,2025-09-09,19.43,19.61,19.0,19.05,19.54,-0.48999999999999844,-2.51,47409.2,91063.644
002862.SZ,2025-09-10,19.04,19.77,19.02,19.24,19.05,0.18999999999999773,1.0,45587.14,88233.897
002862.SZ,2025-09-11,19.19,19.6,18.91,19.46,19.24,0.22000000000000242,1.14,53537.8,102968.19
002862.SZ,2025-09-12,19.57,19.59,19.07,19.18,19.46,-0.28000000000000114,-1.44,59752.68,115217.354
002862.SZ,2025-09-15,19.03,19.33,18.92,19.2,19.18,0.019999999999999574,0.1,42766.8,81592.056
002862.SZ,2025-09-16,19.07,20.45,19.06,20.05,19.2,0.8500000000000014,4.43,118720.26,235796.548
002862.SZ,2025-09-17,19.87,20.25,19.75,19.79,20.05,-0.26000000000000156,-1.3,71862.2,143296.518
002862.SZ,2025-09-18,19.72,20.15,19.31,19.37,19.79,-0.41999999999999815,-2.12,80731.4,158529.735
002862.SZ,2025-09-19,19.31,19.42,19.02,19.05,19.37,-0.3200000000000003,-1.65,44011.14,84212.145
002862.SZ,2025-09-22,19.0,19.35,18.83,19.08,19.05,0.029999999999997584,0.16,43682.14,83156.128
002862.SZ,2025-09-23,19.0,19.0,18.26,18.57,19.08,-0.509999999999998,-2.67,52921.83,98193.017
002862.SZ,2025-09-24,18.43,18.7,18.36,18.6,18.57,0.030000000000001137,0.16,31710.4,58913.571
002862.SZ,2025-09-25,18.51,18.93,18.5,18.67,18.6,0.07000000000000028,0.38,32521.1,60993.131
002862.SZ,2025-09-26,18.53,18.69,18.35,18.4,18.67,-0.2700000000000031,-1.45,30284.2,56007.097
002862.SZ,2025-09-29,18.4,18.4,18.03,18.19,18.4,-0.2099999999999973,-1.14,31060.2,56504.361
002862.SZ,2025-09-30,18.3,18.7,18.2,18.57,18.19,0.379999999999999,2.09,34466.4,63804.46
002862.SZ,2025-10-09,18.58,19.57,18.58,19.25,18.57,0.6799999999999997,3.66,66480.22,127462.193
002862.SZ,2025-10-10,19.42,19.48,18.96,18.98,19.25,-0.2699999999999996,-1.4,33748.4,64707.514
002862.SZ,2025-10-13,17.08,18.66,17.08,18.57,18.98,-0.41000000000000014,-2.16,57632.83,104077.847
002862.SZ,2025-10-14,18.57,19.23,18.57,18.68,18.57,0.10999999999999943,0.59,50795.58,95522.958
002862.SZ,2025-10-15,18.66,18.97,18.5,18.89,18.68,0.21000000000000085,1.12,33060.8,62135.358
002862.SZ,2025-10-16,18.82,18.98,18.57,18.6,18.89,-0.28999999999999915,-1.54,30153.78,56518.198
002862.SZ,2025-10-17,18.58,18.7,18.05,18.06,18.6,-0.5400000000000027,-2.9,32677.4,59839.53
002862.SZ,2025-10-20,18.21,18.52,18.21,18.43,18.06,0.370000000000001,2.05,24970.6,45955.673
002862.SZ,2025-10-21,18.59,18.64,18.3,18.62,18.43,0.19000000000000128,1.03,27652.6,51028.112
002862.SZ,2025-10-22,18.61,19.01,18.53,18.62,18.62,0.0,0.0,37242.68,69765.4
002862.SZ,2025-10-23,18.54,18.59,18.31,18.55,18.62,-0.07000000000000028,-0.38,26425.6,48711.465
002862.SZ,2025-10-24,18.6,18.85,18.5,18.55,18.55,0.0,0.0,28303.6,52858.196
002862.SZ,2025-10-27,18.79,18.93,18.49,18.58,18.55,0.029999999999997584,0.16,37182.8,69289.828
002862.SZ,2025-10-28,18.11,18.25,17.75,18.08,18.58,-0.5,-2.69,70169.6,126809.284
002862.SZ,2025-10-29,18.05,18.2,17.87,18.01,18.08,-0.06999999999999673,-0.39,36110.9,65132.115
002862.SZ,2025-10-30,18.02,18.08,17.48,17.51,18.01,-0.5,-2.78,47019.4,83095.775
002862.SZ,2025-10-31,17.52,18.08,17.45,18.0,17.51,0.48999999999999844,2.8,40205.24,71752.814
002862.SZ,2025-11-03,18.03,18.43,17.84,17.91,18.0,-0.08999999999999986,-0.5,36000.06,64763.759
002862.SZ,2025-11-04,17.9,17.96,17.57,17.65,17.91,-0.26000000000000156,-1.45,26859.4,47527.517
002862.SZ,2025-11-05,17.7,18.38,17.56,18.28,17.65,0.6300000000000026,3.57,67874.84,123237.483
002862.SZ,2025-11-06,18.35,18.96,18.31,18.48,18.28,0.1999999999999993,1.09,56017.5,104010.931
002862.SZ,2025-11-07,18.48,19.79,18.4,19.5,18.48,1.0199999999999996,5.52,123499.87,239315.297
002862.SZ,2025-11-10,19.5,21.2,19.49,20.73,19.5,1.2300000000000004,6.31,168280.74,348713.783
002862.SZ,2025-11-11,20.91,20.95,20.27,20.45,20.73,-0.28000000000000114,-1.35,97238.48,200277.765
002862.SZ,2025-11-12,20.52,21.43,20.52,21.23,20.45,0.7800000000000011,3.81,130788.0,277192.75
002862.SZ,2025-11-13,21.06,21.33,20.8,21.14,21.23,-0.08999999999999986,-0.42,68926.44,145036.345
002862.SZ,2025-11-14,21.1,21.5,20.87,20.9,21.14,-0.240000000000002,-1.14,64455.0,136455.21
002862.SZ,2025-11-17,20.9,21.28,20.31,21.1,20.9,0.20000000000000284,0.96,74185.29,154900.024
002862.SZ,2025-11-18,21.25,21.76,20.98,21.71,21.1,0.6099999999999994,2.89,101627.05,217537.949
002862.SZ,2025-11-19,22.05,22.1,21.35,21.58,21.71,-0.13000000000000256,-0.6,99311.5,214983.825
002862.SZ,2025-11-20,21.8,21.82,21.11,21.26,21.58,-0.31999999999999673,-1.48,68801.2,147225.011
002862.SZ,2025-11-21,21.13,21.35,20.51,20.83,21.26,-0.43000000000000327,-2.02,76838.89,160357.21
002862.SZ,2025-11-24,20.88,21.75,20.74,21.55,20.83,0.7200000000000024,3.46,87700.44,187380.266
002862.SZ,2025-11-25,21.78,22.12,21.55,21.7,21.55,0.14999999999999858,0.7,73555.8,160169.642
002862.SZ,2025-11-26,21.79,23.13,21.7,21.94,21.7,0.240000000000002,1.11,130183.2,290585.87
002862.SZ,2025-11-27,21.75,22.13,21.33,21.38,21.94,-0.5600000000000023,-2.55,102306.0,222148.573
002862.SZ,2025-11-28,21.52,22.89,21.27,22.82,21.38,1.4400000000000013,6.74,170334.11,379013.441
002862.SZ,2025-12-01,25.1,25.1,24.45,25.1,22.82,2.280000000000001,9.99,204866.52,512925.453
002862.SZ,2025-12-02,23.88,24.5,22.59,22.59,25.1,-2.5100000000000016,-10.0,360170.74,835781.638
002862.SZ,2025-12-03,23.01,23.32,21.41,21.98,22.59,-0.6099999999999994,-2.7,250137.94,555981.729
002862.SZ,2025-12-04,21.54,22.3,21.23,21.54,21.98,-0.4400000000000013,-2.0,155560.6,338657.776
002862.SZ,2025-12-05,21.78,21.78,20.75,21.32,21.54,-0.21999999999999886,-1.02,143592.13,305060.309
002862.SZ,2025-12-08,21.27,21.63,21.16,21.27,21.32,-0.05000000000000071,-0.23,100157.5,213544.648
002862.SZ,2025-12-09,21.21,21.35,20.38,20.39,21.27,-0.879999999999999,-4.14,113835.5,236501.422
002862.SZ,2025-12-10,20.34,20.35,19.83,20.14,20.39,-0.25,-1.23,85597.24,171519.45
002862.SZ,2025-12-11,20.38,20.46,19.75,19.81,20.14,-0.33000000000000185,-1.64,72480.8,144417.579
002862.SZ,2025-12-12,19.74,21.79,19.74,21.79,19.81,1.9800000000000004,9.99,169321.63,358004.001
002862.SZ,2025-12-15,21.5,22.44,21.03,21.92,21.79,0.13000000000000256,0.6,213538.8,466802.13
002862.SZ,2025-12-16,21.44,22.04,20.91,20.91,21.92,-1.0100000000000016,-4.61,129244.6,277470.067
002862.SZ,2025-12-17,20.91,21.23,20.05,20.71,20.91,-0.1999999999999993,-0.96,88432.6,181726.545
002862.SZ,2025-12-18,20.97,21.48,20.51,20.51,20.71,-0.1999999999999993,-0.97,102652.75,215503.72
002862.SZ,2025-12-19,21.0,21.15,19.88,20.59,20.51,0.0799999999999983,0.39,105096.95,214513.581
002862.SZ,2025-12-22,20.88,20.98,20.29,20.48,20.59,-0.10999999999999943,-0.53,77849.55,159735.591
002862.SZ,2025-12-23,20.4,20.42,19.92,20.02,20.48,-0.46000000000000085,-2.25,58886.8,118244.686
002862.SZ,2025-12-24,19.99,20.4,19.99,20.26,20.02,0.240000000000002,1.2,46581.4,94210.003
002862.SZ,2025-12-25,20.26,20.38,20.0,20.19,20.26,-0.07000000000000028,-0.35,47032.8,94660.76
002862.SZ,2025-12-26,20.17,20.17,19.77,19.91,20.19,-0.28000000000000114,-1.39,58381.7,116502.289
002862.SZ,2025-12-29,19.81,20.18,19.77,19.95,19.91,0.03999999999999915,0.2,45236.6,90229.035
002862.SZ,2025-12-30,19.9,19.9,19.43,19.45,19.95,-0.5,-2.51,49946.4,97717.665
002862.SZ,2025-12-31,19.61,19.76,19.25,19.53,19.45,0.08000000000000185,0.41,40463.0,78876.002
