ts_code,datetime,open,high,low,close,pre_close,change,pct_chg,volume,amount
300051.SZ,2015-01-05,10.22,10.25,9.5,9.91,10.17,-0.2599999999999998,-2.56,184868.53,181670.2068
300051.SZ,2015-01-06,9.85,10.54,9.71,10.47,9.91,0.5600000000000005,5.65,230929.28,235215.7812
300051.SZ,2015-01-07,10.39,10.4,10.04,10.13,10.47,-0.33999999999999986,-3.25,145139.19,147743.0355
300051.SZ,2015-01-08,10.04,10.48,10.04,10.21,10.13,0.08000000000000007,0.79,172038.41,176948.6756
300051.SZ,2015-01-09,10.1,10.41,9.99,10.0,10.21,-0.21000000000000085,-2.06,169882.51,173081.9026
300051.SZ,2015-01-12,9.88,10.39,9.61,10.13,10.0,0.13000000000000078,1.3,143546.96,144995.9289
300051.SZ,2015-01-13,10.06,10.74,9.88,10.53,10.13,0.3999999999999986,3.95,232955.37,242778.1436
300051.SZ,2015-01-14,10.45,10.47,10.14,10.25,10.53,-0.27999999999999936,-2.66,125441.99,129217.7575
300051.SZ,2015-01-15,10.25,10.51,10.19,10.27,10.25,0.019999999999999574,0.2,112071.92,115569.0368
300051.SZ,2015-01-16,10.22,11.13,10.18,10.81,10.27,0.5400000000000009,5.26,306436.77,328183.4261
300051.SZ,2015-01-19,10.51,11.89,10.35,11.41,10.81,0.5999999999999996,5.55,458672.08,521558.3309
300051.SZ,2015-01-20,11.44,11.94,11.17,11.87,11.41,0.4599999999999991,4.03,358437.07,416757.2846
300051.SZ,2015-01-21,11.7,11.98,11.59,11.79,11.87,-0.08000000000000007,-0.67,278953.7,327678.2013
300051.SZ,2015-01-22,11.77,11.94,11.65,11.73,11.79,-0.05999999999999872,-0.51,173290.15,204099.8012
300051.SZ,2015-01-23,11.75,11.79,11.21,11.23,11.73,-0.5,-4.26,184234.62,210219.3224
300051.SZ,2015-01-26,11.22,11.58,11.18,11.48,11.23,0.25,2.23,126655.21,145146.7768
300051.SZ,2015-01-27,11.42,12.37,11.36,12.04,11.48,0.5599999999999987,4.88,282378.61,337181.3966
300051.SZ,2015-01-28,12.03,12.23,11.76,11.87,12.04,-0.16999999999999993,-1.41,200473.02,240083.9737
300051.SZ,2015-01-29,11.57,11.8,11.41,11.59,11.87,-0.27999999999999936,-2.36,145771.92,168841.3599
300051.SZ,2015-01-30,11.54,11.66,11.06,11.09,11.59,-0.5,-4.31,133482.91,150451.8653
300051.SZ,2015-02-02,10.99,11.42,10.8,11.24,11.09,0.15000000000000036,1.35,97957.56,109938.9966
300051.SZ,2015-02-03,11.26,12.37,11.11,12.16,11.24,0.9199999999999999,8.19,428094.34,516799.9521
300051.SZ,2015-02-04,12.13,12.54,11.91,12.24,12.16,0.08000000000000007,0.66,350622.57,429307.4245
300051.SZ,2015-02-05,12.08,13.27,11.99,12.74,12.24,0.5,4.08,383657.59,488390.5708
300051.SZ,2015-02-06,12.6,13.15,12.21,12.43,12.74,-0.3100000000000005,-2.43,238468.88,299969.1171
300051.SZ,2015-02-09,12.43,13.67,12.29,13.18,12.43,0.75,6.03,434257.94,579180.1751
300051.SZ,2015-02-10,13.16,13.67,12.73,13.65,13.18,0.47000000000000064,3.57,359288.98,474950.3818
300051.SZ,2015-02-11,13.48,15.02,13.25,15.02,13.65,1.3699999999999992,10.04,541535.06,784200.1998
300051.SZ,2015-02-12,15.19,15.34,14.48,14.62,15.02,-0.40000000000000036,-2.66,436368.11,650614.2033
300051.SZ,2015-02-13,14.7,15.23,14.5,15.12,14.62,0.5,3.42,426940.09,638052.8876
300051.SZ,2015-02-16,14.99,16.63,14.96,16.48,15.12,1.3600000000000012,8.99,389196.14,617721.4222
300051.SZ,2015-02-17,16.48,16.48,15.69,16.04,16.48,-0.4400000000000013,-2.67,268120.72,430260.1056
300051.SZ,2015-02-25,16.09,16.09,14.69,14.87,16.04,-1.17,-7.29,278452.71,425700.0586
300051.SZ,2015-02-26,14.8,16.36,14.73,16.36,14.87,1.4900000000000002,10.02,427070.36,671205.6322
300051.SZ,2015-02-27,16.19,17.93,15.76,17.26,16.36,0.9000000000000021,5.5,493657.76,830732.083
300051.SZ,2015-03-02,16.99,18.29,16.65,17.88,17.26,0.6199999999999974,3.59,389550.02,690118.7325
300051.SZ,2015-03-03,17.45,17.88,16.88,17.03,17.88,-0.8499999999999979,-4.75,333173.15,577789.3476
300051.SZ,2015-03-04,16.83,17.51,16.75,17.14,17.03,0.10999999999999943,0.65,224386.02,386441.0543
300051.SZ,2015-03-05,17.14,17.68,16.52,17.32,17.14,0.17999999999999972,1.05,283542.99,483951.4972
300051.SZ,2015-03-06,17.23,17.23,16.02,16.1,17.32,-1.2199999999999989,-7.04,253669.0,418814.5235
300051.SZ,2015-03-09,15.99,16.65,15.6,16.27,16.1,0.16999999999999815,1.06,177684.96,290282.29
300051.SZ,2015-03-10,16.16,17.54,16.13,16.94,16.27,0.6700000000000017,4.12,281772.58,479593.0875
300051.SZ,2015-03-11,16.8,17.51,16.17,16.93,16.94,-0.010000000000001563,-0.06,275243.19,468917.0532
300051.SZ,2015-03-12,16.69,17.11,16.0,16.42,16.93,-0.509999999999998,-3.01,224687.53,370620.9869
300051.SZ,2015-03-13,16.57,17.66,16.21,17.38,16.42,0.9599999999999973,5.85,319554.14,544468.4553
300051.SZ,2015-03-16,17.84,19.12,17.84,19.12,17.38,1.740000000000002,10.01,458826.74,866652.0478
300051.SZ,2015-03-17,19.39,20.99,19.29,20.16,19.12,1.0399999999999991,5.44,584379.27,1172125.434
300051.SZ,2015-03-18,19.69,20.93,19.4,20.23,20.16,0.07000000000000028,0.35,352886.44,716233.014
300051.SZ,2015-03-19,19.94,20.49,19.59,20.39,20.23,0.16000000000000014,0.79,293636.62,585126.5843
300051.SZ,2015-03-20,20.04,21.77,20.03,20.86,20.39,0.46999999999999886,2.31,330039.44,691217.5547
300051.SZ,2015-03-23,20.87,21.39,20.39,21.2,20.86,0.33999999999999986,1.63,324732.65,682353.7561
300051.SZ,2015-03-24,21.0,23.19,19.94,22.6,21.2,1.4000000000000021,6.6,501755.43,1087908.2192
300051.SZ,2015-03-25,22.2,23.5,21.59,22.61,22.6,0.00999999999999801,0.04,372311.25,844458.3976
300051.SZ,2015-03-26,21.99,22.57,20.35,20.42,22.61,-2.1899999999999977,-9.69,384630.44,814767.213
300051.SZ,2015-03-27,20.04,20.66,19.51,20.23,20.42,-0.19000000000000128,-0.93,217435.17,437452.3073
300051.SZ,2015-03-30,20.0,20.42,19.11,19.77,20.23,-0.46000000000000085,-2.27,233173.67,460743.4863
300051.SZ,2015-03-31,19.73,20.56,19.41,20.14,19.77,0.370000000000001,1.87,226084.64,456687.7468
300051.SZ,2015-04-01,20.09,20.53,19.89,20.51,20.14,0.370000000000001,1.84,202588.68,412790.3236
300051.SZ,2015-04-02,20.83,21.94,20.82,21.3,20.51,0.7899999999999991,3.85,286921.91,613003.4555
300051.SZ,2015-04-03,21.02,21.29,20.52,20.98,21.3,-0.3200000000000003,-1.5,236861.52,494954.2312
300051.SZ,2015-04-07,21.09,21.8,20.7,21.64,20.98,0.6600000000000001,3.15,273869.93,588407.5098
300051.SZ,2015-04-08,21.79,21.92,19.89,20.48,21.64,-1.1600000000000001,-5.36,278606.14,579321.2061
300051.SZ,2015-04-09,20.59,20.65,18.65,19.89,20.48,-0.5899999999999999,-2.88,216580.79,424260.719
300051.SZ,2015-04-10,19.24,20.23,19.24,19.89,19.89,0.0,0.0,171025.27,340242.4024
300051.SZ,2015-04-13,19.78,20.17,19.25,19.8,19.89,-0.08999999999999986,-0.45,178851.02,352225.1959
300051.SZ,2015-04-14,19.79,19.8,18.99,19.06,19.8,-0.740000000000002,-3.74,177176.77,341822.1922
300051.SZ,2015-04-15,18.89,19.07,17.87,17.87,19.06,-1.1899999999999977,-6.24,174736.77,321881.3289
300051.SZ,2015-04-16,17.42,18.85,17.19,18.29,17.87,0.41999999999999815,2.35,149954.33,274234.5352
300051.SZ,2015-04-17,18.57,18.63,18.06,18.14,18.29,-0.14999999999999858,-0.82,135856.48,248248.3
300051.SZ,2015-04-20,17.9,19.17,17.49,18.61,18.14,0.46999999999999886,2.59,204252.94,376216.9635
300051.SZ,2015-04-21,18.62,20.01,18.62,19.96,18.61,1.3500000000000014,7.25,276538.51,539960.2869
300051.SZ,2015-04-22,20.21,20.46,19.59,20.24,19.96,0.2799999999999976,1.4,287576.01,576087.3025
300051.SZ,2015-04-23,20.24,20.99,19.97,20.54,20.24,0.3000000000000007,1.48,270001.94,556289.4596
300051.SZ,2015-04-24,19.99,20.84,19.27,19.73,20.54,-0.8099999999999987,-3.94,199093.86,397328.3516
300051.SZ,2015-04-27,19.69,20.15,19.31,19.35,19.73,-0.379999999999999,-1.93,188208.69,370696.449
300051.SZ,2015-04-28,19.49,19.58,18.0,18.24,19.35,-1.110000000000003,-5.74,156207.35,289378.6667
300051.SZ,2015-04-29,18.21,19.19,18.04,19.13,18.24,0.8900000000000006,4.88,139836.21,264329.8247
300051.SZ,2015-04-30,19.17,20.42,19.16,19.54,19.13,0.41000000000000014,2.14,236970.7,472240.7676
300051.SZ,2015-05-04,19.09,19.5,18.29,18.99,19.54,-0.5500000000000007,-2.81,122310.24,231995.7545
300051.SZ,2015-05-05,18.85,20.89,18.45,20.39,18.99,1.4000000000000021,7.37,285231.72,564238.9818
300051.SZ,2015-05-06,20.39,22.33,20.0,20.99,20.39,0.5999999999999979,2.94,462238.89,984676.253
300051.SZ,2015-05-07,20.59,22.04,20.19,20.29,20.99,-0.6999999999999993,-3.33,325251.96,690318.8095
300051.SZ,2015-05-08,20.62,22.32,20.59,22.32,20.29,2.030000000000001,10.0,513808.27,1130199.1415
300051.SZ,2015-05-11,23.08,24.19,22.6,23.84,22.32,1.5199999999999996,6.81,592432.87,1388620.7901
300051.SZ,2015-05-12,23.45,24.84,23.14,24.71,23.84,0.870000000000001,3.65,481657.18,1165460.1394
300051.SZ,2015-05-21,27.18,27.18,27.18,27.18,24.71,2.469999999999999,10.0,10121.98,27521.6636
300051.SZ,2015-05-22,29.9,29.9,28.19,29.9,27.18,2.719999999999999,10.01,236409.89,699325.903
300051.SZ,2015-05-25,29.09,31.34,27.0,28.17,29.9,-1.7299999999999969,-5.79,472376.68,1358837.0052
300051.SZ,2015-05-26,27.59,29.97,27.59,29.47,28.17,1.2999999999999972,4.61,379321.88,1106364.8192
300051.SZ,2015-05-27,28.99,32.41,27.59,32.41,29.47,2.9399999999999977,9.98,423384.53,1230163.6563
300051.SZ,2015-05-28,31.98,35.65,30.69,32.98,32.41,0.5700000000000003,1.76,466402.97,1581682.1381
300051.SZ,2015-05-29,32.18,35.68,30.83,33.97,32.98,0.990000000000002,3.0,359097.69,1210505.9566
300051.SZ,2015-06-01,33.98,36.18,32.67,35.08,33.97,1.1099999999999994,3.27,326522.69,1129368.8134
300051.SZ,2015-06-02,34.47,35.15,33.48,34.55,35.08,-0.5300000000000011,-1.51,262580.68,904101.9392
300051.SZ,2015-06-03,34.65,37.17,34.48,34.96,34.55,0.4100000000000037,1.19,282004.56,1006141.4556
300051.SZ,2015-06-04,33.83,34.28,31.46,31.48,34.96,-3.4800000000000004,-9.95,297078.5,959841.995
300051.SZ,2015-06-05,32.03,32.48,30.05,30.54,31.48,-0.9400000000000013,-2.99,258328.11,809948.1857
300051.SZ,2015-06-08,30.57,30.89,27.99,29.07,30.54,-1.4699999999999989,-4.81,244715.32,712011.6831
300051.SZ,2015-06-09,28.84,30.64,28.84,30.0,29.07,0.9299999999999997,3.2,190252.24,571285.9996
300051.SZ,2015-06-10,30.02,31.34,29.2,30.75,30.0,0.75,2.5,179419.56,548619.5289
300051.SZ,2015-06-11,30.75,31.34,30.19,30.78,30.75,0.030000000000001137,0.1,159427.04,490214.8341
300051.SZ,2015-06-12,30.84,31.95,30.7,31.33,30.78,0.5499999999999972,1.79,192270.83,604657.5166
300051.SZ,2015-06-15,30.99,31.01,28.2,28.2,31.33,-3.129999999999999,-9.99,215878.66,629034.6243
300051.SZ,2015-06-16,27.5,27.5,25.84,26.02,28.2,-2.1799999999999997,-7.73,172625.88,458022.0038
300051.SZ,2015-06-17,25.85,28.62,25.84,28.38,26.02,2.3599999999999994,9.07,187548.41,509575.8096
300051.SZ,2015-06-18,28.3,28.3,25.54,25.54,28.38,-2.84,-10.01,170037.79,458836.4222
300051.SZ,2015-06-19,24.66,26.59,24.19,24.88,25.54,-0.6600000000000001,-2.58,157861.43,403658.3538
300051.SZ,2015-06-23,25.3,27.29,24.6,27.23,24.88,2.3500000000000014,9.45,223354.2,582356.3075
300051.SZ,2015-06-24,27.6,28.3,25.98,27.3,27.23,0.07000000000000028,0.26,264581.94,719017.6131
300051.SZ,2015-06-25,27.35,27.38,24.6,25.28,27.3,-2.0199999999999996,-7.4,181158.02,473420.9678
300051.SZ,2015-06-26,24.36,24.36,22.75,22.75,25.28,-2.530000000000001,-10.01,172322.72,398785.6732
300051.SZ,2015-06-29,23.32,23.6,20.48,20.48,22.75,-2.2699999999999996,-9.98,154484.86,327045.7896
300051.SZ,2015-06-30,19.5,22.0,18.43,21.59,20.48,1.1099999999999994,5.42,181800.07,365581.9701
300051.SZ,2015-07-01,21.0,22.28,19.43,19.43,21.59,-2.16,-10.0,176997.2,375441.1399
300051.SZ,2015-07-02,19.0,19.6,17.49,17.49,19.43,-1.9400000000000013,-9.98,147549.51,267957.5872
300051.SZ,2015-07-03,16.5,18.36,15.74,15.74,17.49,-1.7499999999999982,-10.01,172771.52,282947.2354
300051.SZ,2015-07-06,17.31,17.31,14.17,14.33,15.74,-1.4100000000000001,-8.96,191502.83,295766.558
300051.SZ,2015-07-07,13.14,13.5,12.9,12.9,14.33,-1.4299999999999997,-9.98,65159.78,84511.9737
300051.SZ,2015-07-08,11.61,12.44,11.61,11.86,12.9,-1.040000000000001,-8.06,279462.6,332079.6448
300051.SZ,2015-08-31,13.05,13.05,13.05,13.05,11.86,1.1900000000000013,10.03,14958.18,19520.4249
300051.SZ,2015-09-01,14.36,14.36,14.36,14.36,13.05,1.3099999999999987,10.04,85435.54,122685.4354
300051.SZ,2015-09-02,13.5,14.72,12.92,12.92,14.36,-1.4399999999999995,-10.03,331527.09,440528.2976
300051.SZ,2015-09-07,12.53,13.85,12.01,12.4,12.92,-0.5199999999999996,-4.02,319285.53,418961.3612
300051.SZ,2015-09-08,12.03,13.6,11.75,13.35,12.4,0.9499999999999993,7.66,258189.63,326246.2968
300051.SZ,2015-09-09,13.18,14.69,13.01,14.69,13.35,1.3399999999999999,10.04,418405.55,590017.1063
300051.SZ,2015-09-10,14.2,14.75,13.81,14.0,14.69,-0.6899999999999995,-4.7,298188.33,426452.3128
300051.SZ,2015-09-11,13.86,15.2,13.86,14.89,14.0,0.8900000000000006,6.36,316776.83,464407.1807
300051.SZ,2015-09-14,14.79,14.79,13.4,13.4,14.89,-1.4900000000000002,-10.01,206195.28,288171.47
300051.SZ,2015-09-15,12.31,12.71,12.06,12.06,13.4,-1.3399999999999999,-10.0,161390.04,197376.8449
300051.SZ,2015-09-16,11.85,13.27,11.85,13.27,12.06,1.209999999999999,10.03,231666.54,291800.7691
300051.SZ,2015-09-17,13.25,14.02,12.7,12.75,13.27,-0.5199999999999996,-3.92,280505.01,375799.1059
300051.SZ,2015-09-18,12.75,13.33,12.38,13.14,12.75,0.39000000000000057,3.06,192267.8,247168.2897
300051.SZ,2015-09-21,12.8,14.22,12.51,14.1,13.14,0.9599999999999991,7.31,260895.9,352656.6073
300051.SZ,2015-09-22,14.0,14.31,13.4,13.86,14.1,-0.2400000000000002,-1.7,280742.46,390259.8044
300051.SZ,2015-09-23,13.5,14.3,13.31,13.84,13.86,-0.019999999999999574,-0.14,237784.43,327892.8042
300051.SZ,2015-09-24,13.98,15.22,13.98,15.22,13.84,1.3800000000000008,9.97,235872.17,349480.1991
300051.SZ,2015-09-25,15.58,15.73,13.88,14.03,15.22,-1.1900000000000013,-7.82,387668.18,573820.1163
300051.SZ,2015-09-28,13.76,15.14,13.58,14.84,14.03,0.8100000000000005,5.77,273604.07,394189.6444
300051.SZ,2015-09-29,14.3,14.71,13.6,13.96,14.84,-0.879999999999999,-5.93,231766.98,328087.1816
300051.SZ,2015-09-30,14.1,14.31,13.21,13.79,13.96,-0.1700000000000017,-1.22,150070.06,209080.587
300051.SZ,2015-10-08,14.4,14.89,14.16,14.55,13.79,0.7600000000000016,5.51,234012.65,341329.5185
300051.SZ,2015-10-09,14.58,15.28,14.42,14.99,14.55,0.4399999999999995,3.02,268291.4,396866.4686
300051.SZ,2015-10-12,15.11,16.35,15.02,16.1,14.99,1.1100000000000012,7.4,311078.22,491861.5056
300051.SZ,2015-10-13,15.8,16.9,15.68,16.6,16.1,0.5,3.11,298056.94,486985.0523
300051.SZ,2015-10-14,16.3,16.6,15.85,15.89,16.6,-0.7100000000000009,-4.28,241369.54,389736.8583
300051.SZ,2015-10-15,15.31,17.28,15.31,17.25,15.89,1.3599999999999994,8.56,346382.48,566900.4577
300051.SZ,2015-10-16,17.25,17.55,16.72,17.38,17.25,0.129999999999999,0.75,337307.68,577264.5592
300051.SZ,2015-10-19,17.3,17.31,16.22,16.69,17.38,-0.6899999999999977,-3.97,261483.49,438643.9925
300051.SZ,2015-10-20,16.55,18.0,16.47,17.88,16.69,1.1899999999999977,7.13,334930.22,583855.1083
300051.SZ,2015-10-21,17.5,17.82,16.09,16.09,17.88,-1.7899999999999991,-10.01,326593.04,552466.9922
300051.SZ,2015-10-22,15.86,16.85,15.62,16.64,16.09,0.5500000000000007,3.42,292168.2,477262.965
300051.SZ,2015-10-23,16.69,17.38,16.51,17.14,16.64,0.5,3.0,297541.36,504263.7768
300051.SZ,2015-10-26,17.31,17.54,16.51,17.02,17.14,-0.120000000000001,-0.7,264144.69,448468.147
300051.SZ,2015-10-27,16.85,17.6,15.84,17.45,17.02,0.4299999999999997,2.53,306077.97,513565.1187
300051.SZ,2015-10-28,17.18,17.99,16.48,16.62,17.45,-0.8299999999999983,-4.76,280646.26,486163.0157
300051.SZ,2015-10-29,16.8,17.72,16.51,17.3,16.62,0.6799999999999997,4.09,273914.7,470212.5332
300051.SZ,2015-10-30,17.0,18.8,16.56,17.79,17.3,0.48999999999999844,2.83,384595.55,680954.5987
300051.SZ,2015-11-02,17.01,18.65,16.87,17.81,17.79,0.019999999999999574,0.11,322111.75,576713.2766
300051.SZ,2015-11-03,17.91,19.17,17.9,18.47,17.81,0.6600000000000001,3.71,309769.9,570667.1153
300051.SZ,2015-11-04,18.59,20.32,18.58,20.32,18.47,1.8500000000000014,10.02,456873.15,894360.8921
300051.SZ,2015-11-05,20.1,20.51,19.33,19.7,20.32,-0.620000000000001,-3.05,444942.17,884564.8987
300051.SZ,2015-11-06,19.78,20.49,19.7,19.98,19.7,0.28000000000000114,1.42,313052.15,627145.5364
300051.SZ,2015-11-09,19.5,20.37,18.71,20.04,19.98,0.05999999999999872,0.3,327365.16,640292.774
300051.SZ,2015-11-10,19.72,20.35,19.31,19.53,20.04,-0.509999999999998,-2.54,243355.25,481355.7954
300051.SZ,2015-11-11,19.39,21.48,19.39,20.81,19.53,1.2799999999999976,6.55,401733.14,826986.1126
300051.SZ,2015-11-12,20.82,20.98,19.89,20.13,20.81,-0.6799999999999997,-3.27,279421.01,565386.3011
300051.SZ,2015-11-13,19.73,19.88,18.7,18.9,20.13,-1.2300000000000004,-6.11,205157.84,395266.3428
300051.SZ,2015-11-16,18.45,19.78,18.35,19.75,18.9,0.8500000000000014,4.5,173842.4,334897.1098
300051.SZ,2015-11-17,19.77,20.13,18.99,19.11,19.75,-0.6400000000000006,-3.24,179165.01,351856.4338
300051.SZ,2015-11-18,19.18,20.15,19.03,19.32,19.11,0.21000000000000085,1.1,187812.47,368603.8388
300051.SZ,2015-11-19,19.5,21.2,19.33,20.94,19.32,1.620000000000001,8.39,345161.84,700583.2248
300051.SZ,2015-11-20,20.55,21.0,20.12,20.79,20.94,-0.15000000000000213,-0.72,301538.8,621237.6536
300051.SZ,2015-11-23,20.64,22.28,20.21,21.33,20.79,0.5399999999999991,2.6,314387.77,674332.541
300051.SZ,2015-11-24,21.05,22.15,20.45,21.99,21.33,0.6600000000000001,3.09,253702.09,539739.459
300051.SZ,2015-11-25,21.77,22.77,21.6,22.47,21.99,0.4800000000000004,2.18,275965.26,613027.9994
300051.SZ,2015-11-26,22.55,22.64,21.1,21.24,22.47,-1.2300000000000004,-5.47,255621.88,556939.5627
300051.SZ,2015-11-27,21.0,21.77,19.2,19.92,21.24,-1.3199999999999967,-6.21,223404.63,462864.7905
300051.SZ,2015-11-30,19.9,20.15,18.0,20.0,19.92,0.0799999999999983,0.4,179382.58,350347.7845
300051.SZ,2015-12-01,19.8,20.14,19.52,19.77,20.0,-0.23000000000000043,-1.15,144264.45,285459.2444
300051.SZ,2015-12-02,19.8,19.95,17.79,19.2,19.77,-0.5700000000000003,-2.88,175475.45,327790.2023
300051.SZ,2015-12-03,18.99,20.1,18.97,19.88,19.2,0.6799999999999997,3.54,134207.98,263930.6902
300051.SZ,2015-12-04,19.8,20.2,19.25,19.61,19.88,-0.2699999999999996,-1.36,142243.14,281591.0888
300051.SZ,2015-12-07,19.88,20.16,19.26,20.05,19.61,0.4400000000000013,2.24,131713.57,261531.712
300051.SZ,2015-12-08,20.05,21.19,19.36,20.71,20.05,0.6600000000000001,3.29,303797.22,624462.0512
300051.SZ,2015-12-09,20.4,22.78,20.1,22.48,20.71,1.7699999999999996,8.55,463261.17,1006576.9198
300051.SZ,2015-12-10,22.01,23.37,22.0,22.08,22.48,-0.40000000000000213,-1.78,423163.1,953253.3784
300051.SZ,2015-12-11,22.0,22.91,21.65,21.93,22.08,-0.14999999999999858,-0.68,253716.39,563296.1845
300051.SZ,2015-12-14,21.4,22.45,20.94,22.41,21.93,0.4800000000000004,2.19,203001.58,437117.829
300051.SZ,2015-12-15,22.47,23.35,22.47,22.79,22.41,0.379999999999999,1.7,233316.33,534495.3762
300051.SZ,2015-12-16,23.2,23.25,22.18,22.35,22.79,-0.4399999999999977,-1.93,220837.74,499477.5362
300051.SZ,2015-12-17,22.36,24.48,22.36,24.0,22.35,1.6499999999999986,7.38,339949.04,798268.2042
300051.SZ,2015-12-18,23.57,24.3,23.04,23.27,24.0,-0.7300000000000004,-3.04,208747.24,492036.4954
300051.SZ,2015-12-21,23.01,23.35,22.51,22.89,23.27,-0.379999999999999,-1.63,119414.7,272194.6452
300051.SZ,2015-12-22,22.89,23.6,22.89,23.41,22.89,0.5199999999999996,2.27,135700.99,317059.6558
300051.SZ,2015-12-23,23.33,23.49,21.88,22.02,23.41,-1.3900000000000006,-5.94,159597.11,359708.4713
300051.SZ,2015-12-24,21.98,22.49,21.5,22.39,22.02,0.370000000000001,1.68,83112.87,184169.6543
300051.SZ,2015-12-25,22.39,23.37,22.13,22.86,22.39,0.46999999999999886,2.1,122821.49,281535.7757
300051.SZ,2015-12-28,23.47,24.36,22.88,22.88,22.86,0.019999999999999574,0.09,177604.39,420021.2971
300051.SZ,2015-12-29,22.95,25.13,22.02,24.58,22.88,1.6999999999999993,7.43,243471.5,579367.7913
300051.SZ,2015-12-30,24.99,27.04,24.73,27.04,24.58,2.460000000000001,10.01,282643.22,735989.6224
300051.SZ,2015-12-31,28.0,28.0,25.91,26.5,27.04,-0.5399999999999991,-2.0,331816.24,889537.5714
300051.SZ,2016-01-04,26.48,26.5,23.85,23.85,26.5,-2.6499999999999986,-10.0,140142.1,350468.7521
300051.SZ,2016-01-05,21.56,24.15,21.5,23.16,23.85,-0.6900000000000013,-2.89,221607.99,506444.4945
300051.SZ,2016-01-06,23.4,23.51,21.33,22.99,23.16,-0.1700000000000017,-0.73,246156.21,551824.6807
300051.SZ,2016-01-07,21.96,22.0,20.69,20.69,22.99,-2.299999999999997,-10.0,46326.07,98043.1294
300051.SZ,2016-01-08,20.69,21.3,18.62,19.29,20.69,-1.4000000000000021,-6.77,247775.52,488378.3283
300051.SZ,2016-01-11,18.41,18.41,17.36,17.36,19.29,-1.9299999999999997,-10.01,157459.49,279643.5926
300051.SZ,2016-01-12,17.11,17.87,16.0,17.2,17.36,-0.16000000000000014,-0.92,174368.26,296864.1672
300051.SZ,2016-01-13,17.27,17.46,15.48,15.48,17.2,-1.7199999999999989,-10.0,157277.36,259601.5759
300051.SZ,2016-01-14,14.42,16.64,14.32,16.38,15.48,0.8999999999999986,5.81,158642.54,248916.6174
300051.SZ,2016-01-15,16.12,16.44,14.75,14.9,16.38,-1.4799999999999986,-9.04,174426.8,272041.5199
300051.SZ,2016-01-18,14.5,16.17,14.45,15.61,14.9,0.7099999999999991,4.77,141846.87,219673.1654
300051.SZ,2016-01-19,15.6,16.7,15.43,16.58,15.61,0.9699999999999989,6.21,175741.8,283572.1299
300051.SZ,2016-01-20,16.4,16.93,16.03,16.2,16.58,-0.379999999999999,-2.29,155462.54,256002.8931
300051.SZ,2016-01-21,15.98,17.62,15.81,16.32,16.2,0.120000000000001,0.74,222438.63,374584.8657
300051.SZ,2016-01-22,16.6,16.99,15.65,16.82,16.32,0.5,3.06,161229.38,264816.039
300051.SZ,2016-01-25,17.02,17.49,16.34,16.71,16.82,-0.10999999999999943,-0.65,129653.9,217969.5818
300051.SZ,2016-01-26,15.89,16.27,15.04,15.04,16.71,-1.6700000000000017,-9.99,168586.28,262833.8432
300051.SZ,2016-01-27,14.57,14.91,13.54,14.33,15.04,-0.7099999999999991,-4.72,178609.3,250842.6064
300051.SZ,2016-01-28,13.91,14.06,12.9,12.9,14.33,-1.4299999999999997,-9.98,144524.51,193716.8089
300051.SZ,2016-01-29,12.8,13.74,12.56,13.48,12.9,0.5800000000000001,4.5,144817.93,193048.9344
300051.SZ,2016-02-01,13.22,13.6,12.58,13.07,13.48,-0.41000000000000014,-3.04,103596.11,136555.4055
300051.SZ,2016-02-02,13.18,14.38,13.13,14.11,13.07,1.0399999999999991,7.96,177310.06,248036.8857
300051.SZ,2016-02-03,13.89,14.38,13.61,14.2,14.11,0.08999999999999986,0.64,140874.58,196776.1586
300051.SZ,2016-02-04,14.2,14.73,14.14,14.41,14.2,0.21000000000000085,1.48,132175.72,190878.8182
300051.SZ,2016-02-05,14.57,14.57,13.94,13.96,14.41,-0.4499999999999993,-3.12,89682.19,127679.9785
300051.SZ,2016-02-15,13.2,14.24,13.17,14.02,13.96,0.05999999999999872,0.43,83192.28,114084.9677
300051.SZ,2016-02-16,14.14,15.38,14.02,15.11,14.02,1.0899999999999999,7.77,141733.08,209618.6848
300051.SZ,2016-02-17,15.0,15.37,14.81,15.35,15.11,0.2400000000000002,1.59,152730.95,230878.0912
300051.SZ,2016-02-18,15.5,15.59,15.02,15.2,15.35,-0.15000000000000036,-0.98,117606.51,179997.2606
300051.SZ,2016-02-19,15.18,15.79,15.01,15.42,15.2,0.22000000000000064,1.45,127882.32,196440.452
300051.SZ,2016-02-22,15.55,15.79,15.39,15.73,15.42,0.3100000000000005,2.01,180446.03,280516.07
300051.SZ,2016-02-23,15.73,15.78,14.91,15.3,15.73,-0.4299999999999997,-2.73,125732.59,192649.0559
300051.SZ,2016-02-24,15.18,15.47,14.48,15.03,15.3,-0.27000000000000135,-1.76,130117.42,195050.2342
300051.SZ,2016-02-25,15.03,15.1,13.53,13.53,15.03,-1.5,-9.98,125913.26,177530.6261
300051.SZ,2016-02-26,13.54,13.65,12.71,13.08,13.53,-0.4499999999999993,-3.33,106112.04,139935.7006
300051.SZ,2016-02-29,12.9,12.9,11.77,11.77,13.08,-1.3100000000000005,-10.02,111257.01,133233.8301
300051.SZ,2016-03-01,11.77,12.23,11.02,11.98,11.77,0.21000000000000085,1.78,208418.12,245141.1512
300051.SZ,2016-03-02,11.85,12.6,11.8,12.57,11.98,0.5899999999999999,4.92,221784.31,271774.0018
300051.SZ,2016-03-03,12.5,13.12,12.38,12.49,12.57,-0.08000000000000007,-0.64,213611.2,272879.6377
300051.SZ,2016-03-04,12.39,12.5,11.25,11.51,12.49,-0.9800000000000004,-7.85,169224.44,201043.7828
300051.SZ,2016-03-07,11.69,12.26,11.68,11.96,11.51,0.45000000000000107,3.91,121019.61,144982.8062
300051.SZ,2016-03-08,11.85,12.48,11.1,12.38,11.96,0.41999999999999993,3.51,155592.78,183381.8744
300051.SZ,2016-03-09,11.95,12.99,11.81,12.67,12.38,0.28999999999999915,2.34,217400.63,270818.8855
300051.SZ,2016-03-10,12.5,12.85,12.12,12.22,12.67,-0.4499999999999993,-3.55,174799.59,218246.1879
300051.SZ,2016-03-11,12.01,12.29,11.83,12.07,12.22,-0.15000000000000036,-1.23,93475.03,112899.2292
300051.SZ,2016-03-14,12.3,13.17,12.3,12.82,12.07,0.75,6.21,192576.42,246085.9432
300051.SZ,2016-03-15,12.79,12.83,12.3,12.4,12.82,-0.41999999999999993,-3.28,152775.48,191723.192
300051.SZ,2016-03-16,12.64,12.77,12.11,12.39,12.4,-0.009999999999999787,-0.08,125015.39,156012.4117
300051.SZ,2016-03-17,12.42,13.31,12.35,13.25,12.39,0.8599999999999994,6.94,258907.8,334930.5433
300051.SZ,2016-03-18,13.25,14.4,13.22,14.25,13.25,1.0,7.55,294574.81,405953.8784
300051.SZ,2016-03-21,14.55,14.94,14.11,14.73,14.25,0.4800000000000004,3.37,295221.95,424386.1726
300051.SZ,2016-03-22,14.42,14.98,14.25,14.58,14.73,-0.15000000000000036,-1.02,223161.79,325911.7979
300051.SZ,2016-03-23,14.45,15.36,14.4,15.21,14.58,0.6300000000000008,4.32,280144.65,419106.8669
300051.SZ,2016-03-24,14.9,15.05,14.41,14.42,15.21,-0.7900000000000009,-5.19,231205.8,341461.6366
300051.SZ,2016-03-25,14.35,14.58,14.14,14.43,14.42,0.009999999999999787,0.07,150805.75,216375.6906
300051.SZ,2016-03-28,14.6,14.78,13.84,13.91,14.43,-0.5199999999999996,-3.6,188413.93,269941.3116
300051.SZ,2016-03-29,13.83,14.05,13.3,13.56,13.91,-0.34999999999999964,-2.52,137994.48,188380.2374
300051.SZ,2016-03-30,13.74,14.36,13.64,14.36,13.56,0.7999999999999989,5.9,172753.87,242546.4116
300051.SZ,2016-03-31,14.42,14.69,14.32,14.37,14.36,0.009999999999999787,0.07,178867.96,258700.9397
300051.SZ,2016-04-01,14.17,14.24,13.7,14.05,14.37,-0.3199999999999985,-2.23,148576.89,207460.0224
300051.SZ,2016-04-05,14.0,15.09,13.95,15.07,14.05,1.0199999999999996,7.26,243013.81,355489.259
300051.SZ,2016-04-06,14.9,15.2,14.65,15.02,15.07,-0.05000000000000071,-0.33,185955.99,277693.2975
300051.SZ,2016-04-07,15.19,15.2,14.43,14.49,15.02,-0.5299999999999994,-3.53,176803.91,259771.2035
300051.SZ,2016-04-08,14.3,14.98,14.23,14.98,14.49,0.4900000000000002,3.38,198277.68,288746.3631
300051.SZ,2016-04-11,15.25,15.76,15.16,15.33,14.98,0.34999999999999964,2.34,245937.8,380361.9458
300051.SZ,2016-04-12,15.15,15.46,14.77,15.46,15.33,0.13000000000000078,0.85,175815.21,264502.2218
300051.SZ,2016-04-13,15.63,16.05,15.51,15.52,15.46,0.05999999999999872,0.39,271347.02,428693.4738
300051.SZ,2016-04-14,15.59,16.26,15.59,16.18,15.52,0.6600000000000001,4.25,250238.86,397958.5818
300051.SZ,2016-04-15,16.0,16.1,15.71,16.07,16.18,-0.10999999999999943,-0.68,183806.6,292797.235
300051.SZ,2016-04-18,15.77,16.38,15.51,16.32,16.07,0.25,1.56,189652.24,302129.075
300051.SZ,2016-04-19,16.47,16.53,15.86,15.97,16.32,-0.34999999999999964,-2.14,157555.67,253357.6273
300051.SZ,2016-04-20,16.11,16.25,14.37,14.67,15.97,-1.3000000000000007,-8.14,246170.07,370696.3229
300051.SZ,2016-04-21,14.5,14.84,14.11,14.13,14.67,-0.5399999999999991,-3.68,157232.55,228331.5421
300051.SZ,2016-04-22,14.29,15.54,14.29,15.54,14.13,1.4099999999999984,9.98,348586.1,533157.4989
300051.SZ,2016-04-25,15.5,16.42,15.4,15.8,15.54,0.26000000000000156,1.67,402637.57,641224.5007
300051.SZ,2016-04-26,15.9,17.38,15.78,17.38,15.8,1.5799999999999983,10.0,434215.61,721619.5185
300051.SZ,2016-04-27,17.41,18.35,16.72,16.9,17.38,-0.4800000000000004,-2.76,519529.41,909319.4233
300051.SZ,2016-04-28,17.05,18.49,16.68,18.48,16.9,1.5800000000000018,9.35,431901.25,752748.9473
300051.SZ,2016-04-29,18.0,18.29,17.74,17.84,18.48,-0.6400000000000006,-3.46,304910.17,548579.0571
300051.SZ,2016-05-03,17.8,18.95,17.31,18.45,17.84,0.6099999999999994,3.42,312016.8,563609.9032
300051.SZ,2016-05-04,18.21,18.25,17.63,17.73,18.45,-0.7199999999999989,-3.9,283782.06,509378.0208
300051.SZ,2016-05-05,17.75,18.04,17.45,17.79,17.73,0.05999999999999872,0.34,207148.46,367952.6432
300051.SZ,2016-05-06,17.72,19.4,17.5,18.41,17.79,0.620000000000001,3.49,509487.83,936897.3725
300051.SZ,2016-05-09,17.85,18.12,16.57,16.57,18.41,-1.8399999999999999,-9.99,302789.21,514868.682
300051.SZ,2016-05-10,16.2,16.95,16.02,16.27,16.57,-0.3000000000000007,-1.81,204911.97,339194.3925
300051.SZ,2016-05-11,16.57,17.19,16.3,16.4,16.27,0.129999999999999,0.8,242532.13,407225.8801
300051.SZ,2016-05-12,15.0,15.88,14.9,15.8,16.4,-0.5999999999999979,-3.66,218495.95,337653.2599
300051.SZ,2016-05-13,15.61,16.19,15.12,15.4,15.8,-0.40000000000000036,-2.53,189325.14,297377.6504
300051.SZ,2016-05-16,15.48,16.94,15.45,16.94,15.4,1.540000000000001,10.0,263525.67,426185.8814
300051.SZ,2016-05-17,17.04,17.8,16.98,17.55,16.94,0.6099999999999994,3.6,374279.43,652009.4427
300051.SZ,2016-05-18,17.22,17.4,15.8,16.6,17.55,-0.9499999999999993,-5.41,263242.17,437802.5661
300051.SZ,2016-05-19,16.65,18.26,16.63,17.57,16.6,0.9699999999999989,5.84,388023.21,687823.909
300051.SZ,2016-05-20,17.1,18.65,16.87,18.29,17.57,0.7199999999999989,4.1,401125.74,715886.2341
300051.SZ,2016-05-23,18.1,18.58,17.82,18.49,18.29,0.1999999999999993,1.09,338969.13,619022.2166
300051.SZ,2016-05-24,18.27,18.3,17.62,17.88,18.49,-0.6099999999999994,-3.3,213366.56,383310.6636
300051.SZ,2016-05-25,18.28,19.67,18.28,18.85,17.88,0.9700000000000024,5.43,535786.24,1030956.436
300051.SZ,2016-05-26,18.3,19.65,17.25,19.25,18.85,0.3999999999999986,2.12,523619.72,949420.5911
300051.SZ,2016-05-27,18.8,19.2,18.55,18.68,19.25,-0.5700000000000003,-2.96,299918.86,566485.5169
300051.SZ,2016-05-30,18.25,19.24,17.89,18.63,18.68,-0.05000000000000071,-0.27,263937.59,493224.6803
300051.SZ,2016-05-31,18.53,20.29,18.53,19.94,18.63,1.3100000000000023,7.03,383804.58,753950.387
300051.SZ,2016-06-01,19.72,20.43,19.63,20.14,19.94,0.1999999999999993,1.0,361326.16,726140.7175
300051.SZ,2016-06-02,19.95,20.65,19.74,20.32,20.14,0.17999999999999972,0.89,267538.78,539526.9714
300051.SZ,2016-06-03,20.2,20.36,19.7,19.91,20.32,-0.41000000000000014,-2.02,262801.61,526983.9605
300051.SZ,2016-06-06,19.88,19.98,19.5,19.86,19.91,-0.05000000000000071,-0.25,205495.72,404545.2067
300051.SZ,2016-06-07,19.74,20.88,19.67,20.53,19.86,0.6700000000000017,3.37,310162.5,633650.5473
300051.SZ,2016-06-08,20.48,20.48,19.75,19.88,20.53,-0.6500000000000021,-3.17,194959.32,390498.7265
300051.SZ,2016-06-13,19.26,19.68,17.89,17.89,19.88,-1.9899999999999984,-10.01,243223.62,459657.3552
300051.SZ,2016-06-14,17.8,18.34,17.52,18.09,17.89,0.1999999999999993,1.12,161542.43,290314.8454
300051.SZ,2016-06-15,17.9,19.33,17.81,18.97,18.09,0.879999999999999,4.86,208110.03,392183.9566
300051.SZ,2016-06-16,19.93,20.8,19.5,19.51,18.97,0.5400000000000027,2.85,284876.64,568016.3132
300051.SZ,2016-06-17,19.7,21.46,19.7,20.75,19.51,1.2399999999999984,6.36,429546.46,893277.9683
300051.SZ,2016-06-20,20.5,20.63,19.9,20.55,20.75,-0.1999999999999993,-0.96,248255.96,503014.3591
300051.SZ,2016-06-21,21.0,21.18,19.48,19.74,20.55,-0.8100000000000023,-3.94,258076.81,522092.1865
300051.SZ,2016-06-22,19.41,20.32,19.33,20.31,19.74,0.5700000000000003,2.89,194236.29,386870.8823
300051.SZ,2016-06-23,20.19,20.68,19.8,19.92,20.31,-0.389999999999997,-1.92,185043.09,372650.5393
300051.SZ,2016-06-24,20.04,20.35,18.49,19.51,19.92,-0.41000000000000014,-2.06,218398.21,428505.0248
300051.SZ,2016-06-27,19.21,20.3,19.21,20.15,19.51,0.639999999999997,3.28,196067.28,390892.9616
300051.SZ,2016-06-28,19.99,20.6,19.85,20.59,20.15,0.4400000000000013,2.18,234460.96,474199.0508
300051.SZ,2016-06-29,20.65,20.75,19.93,20.12,20.59,-0.46999999999999886,-2.28,202681.5,409068.5961
300051.SZ,2016-06-30,20.06,20.5,19.88,20.13,20.12,0.00999999999999801,0.05,159768.59,322482.3182
300051.SZ,2016-07-01,20.26,20.26,19.43,19.58,20.13,-0.5500000000000007,-2.73,167713.65,330809.4279
300051.SZ,2016-07-04,19.39,20.07,19.28,19.85,19.58,0.2700000000000031,1.38,117755.48,233025.3721
300051.SZ,2016-07-05,19.93,19.99,19.25,19.52,19.85,-0.33000000000000185,-1.66,155848.25,304899.8523
300051.SZ,2016-07-06,19.37,19.87,19.32,19.43,19.52,-0.08999999999999986,-0.46,112223.06,219566.9237
300051.SZ,2016-07-07,19.4,19.7,18.8,19.17,19.43,-0.259999999999998,-1.34,159700.67,306167.9196
300051.SZ,2016-07-08,19.11,19.36,19.03,19.11,19.17,-0.060000000000002274,-0.31,104917.77,201759.4909
300051.SZ,2016-07-11,19.27,19.45,19.05,19.09,19.11,-0.019999999999999574,-0.1,128449.56,247878.3816
300051.SZ,2016-07-12,19.08,19.3,18.31,19.28,19.09,0.19000000000000128,1.0,159729.43,300763.7376
300051.SZ,2016-07-13,19.22,19.95,19.09,19.84,19.28,0.5599999999999987,2.9,232271.5,455446.0079
300051.SZ,2016-07-14,19.65,19.76,19.43,19.7,19.84,-0.14000000000000057,-0.71,134421.3,263089.0057
300051.SZ,2016-07-15,19.67,19.68,18.95,19.0,19.7,-0.6999999999999993,-3.55,132525.92,254444.7319
300051.SZ,2016-07-18,19.18,19.32,18.81,18.87,19.0,-0.129999999999999,-0.68,93360.84,177859.7263
300051.SZ,2016-07-19,18.87,19.22,18.6,19.21,18.87,0.33999999999999986,1.8,104728.09,198170.4067
300051.SZ,2016-07-20,19.28,19.28,18.9,18.96,19.21,-0.25,-1.3,81232.09,155140.746
300051.SZ,2016-07-21,19.0,19.31,18.96,19.05,18.96,0.08999999999999986,0.47,99256.02,190122.9619
300051.SZ,2016-07-22,19.0,19.18,18.72,18.91,19.05,-0.14000000000000057,-0.73,88381.76,167389.9494
300051.SZ,2016-07-25,18.86,19.08,18.71,18.87,18.91,-0.03999999999999915,-0.21,65515.27,123725.4093
300051.SZ,2016-07-26,18.8,19.11,18.8,19.11,18.87,0.23999999999999844,1.27,75235.24,143022.8965
300051.SZ,2016-07-27,19.08,19.14,17.2,17.21,19.11,-1.8999999999999986,-9.94,244906.37,440131.3179
300051.SZ,2016-07-28,17.29,17.38,16.46,16.86,17.21,-0.3500000000000014,-2.03,110628.87,186932.8635
300051.SZ,2016-07-29,16.82,16.96,16.4,16.55,16.86,-0.3099999999999987,-1.84,76468.99,127307.5343
300051.SZ,2016-08-01,16.5,16.51,15.56,16.04,16.55,-0.5100000000000016,-3.08,89733.99,142754.4116
300051.SZ,2016-08-02,16.07,16.28,16.02,16.26,16.04,0.22000000000000242,1.37,60963.78,98576.8125
300051.SZ,2016-08-03,16.22,16.26,15.94,16.2,16.26,-0.060000000000002274,-0.37,68097.96,109640.2758
300051.SZ,2016-08-04,16.2,16.78,16.15,16.56,16.2,0.35999999999999943,2.22,95257.86,156823.2325
300051.SZ,2016-08-05,16.5,16.68,16.28,16.3,16.56,-0.259999999999998,-1.57,63767.3,104891.6339
300051.SZ,2016-08-08,16.25,16.49,15.89,16.45,16.3,0.14999999999999858,0.92,57522.87,93343.4849
300051.SZ,2016-08-09,16.46,16.94,16.4,16.94,16.45,0.490000000000002,2.98,91032.97,152160.927
300051.SZ,2016-08-10,16.97,17.2,16.82,16.86,16.94,-0.08000000000000185,-0.47,84239.54,143444.1483
300051.SZ,2016-08-11,16.72,16.89,16.43,16.47,16.86,-0.39000000000000057,-2.31,55340.98,92050.8358
300051.SZ,2016-08-12,16.42,16.85,16.4,16.8,16.47,0.33000000000000185,2.0,58112.76,96613.7202
300051.SZ,2016-08-15,17.0,17.84,16.84,17.57,16.8,0.7699999999999996,4.58,151496.7,263102.8943
300051.SZ,2016-08-16,17.57,17.69,17.36,17.54,17.57,-0.030000000000001137,-0.17,98298.22,172227.6793
300051.SZ,2016-08-17,17.67,17.67,17.42,17.5,17.54,-0.03999999999999915,-0.23,67378.27,118122.9008
300051.SZ,2016-08-18,17.61,18.37,17.6,17.73,17.5,0.23000000000000043,1.31,139904.51,250984.3824
300051.SZ,2016-08-19,17.55,17.86,17.51,17.68,17.73,-0.05000000000000071,-0.28,74651.35,132242.711
300051.SZ,2016-08-22,17.69,18.09,17.4,17.4,17.68,-0.28000000000000114,-1.58,80678.48,143289.4559
300051.SZ,2016-08-23,17.4,17.99,17.26,17.77,17.4,0.370000000000001,2.13,99561.54,175651.6134
300051.SZ,2016-08-24,17.85,17.98,17.66,17.79,17.77,0.019999999999999574,0.11,68364.13,121771.1578
300051.SZ,2016-08-25,17.37,17.51,17.06,17.43,17.79,-0.35999999999999943,-2.02,74648.46,128964.232
300051.SZ,2016-08-26,17.5,17.72,17.36,17.43,17.43,0.0,0.0,59038.42,103536.2139
300051.SZ,2016-08-29,17.35,17.67,17.28,17.47,17.43,0.03999999999999915,0.23,51292.3,89783.6026
300051.SZ,2016-08-30,17.58,17.61,17.36,17.4,17.47,-0.07000000000000028,-0.4,40122.71,70154.4155
300051.SZ,2016-08-31,17.45,17.45,16.96,17.16,17.4,-0.23999999999999844,-1.38,65647.99,112541.2739
300051.SZ,2016-09-01,17.09,17.2,17.0,17.0,17.16,-0.16000000000000014,-0.93,42457.02,72645.1144
300051.SZ,2016-09-02,16.93,17.1,16.75,16.83,17.0,-0.1700000000000017,-1.0,45940.74,77897.3626
300051.SZ,2016-09-05,16.94,17.18,16.82,16.85,16.83,0.020000000000003126,0.12,37092.68,63035.9534
300051.SZ,2016-09-06,16.91,17.44,16.81,17.42,16.85,0.5700000000000003,3.38,81533.31,140241.4123
300051.SZ,2016-09-07,17.45,17.52,17.31,17.33,17.42,-0.09000000000000341,-0.52,60537.39,105363.4721
300051.SZ,2016-09-08,17.3,17.59,17.23,17.44,17.33,0.11000000000000298,0.63,54265.07,94539.3961
300051.SZ,2016-09-09,17.34,17.5,17.04,17.05,17.44,-0.39000000000000057,-2.24,59916.67,103170.4197
300051.SZ,2016-09-12,16.53,16.7,15.75,15.92,17.05,-1.1300000000000008,-6.63,84751.05,138291.0864
300051.SZ,2016-09-13,16.07,16.18,16.0,16.13,15.92,0.20999999999999908,1.32,47529.21,76573.3036
300051.SZ,2016-09-14,16.0,16.48,15.86,16.18,16.13,0.05000000000000071,0.31,38708.79,62914.6697
300051.SZ,2016-09-19,16.21,16.52,16.21,16.44,16.18,0.26000000000000156,1.61,43008.92,70435.8848
300051.SZ,2016-09-20,16.43,16.43,16.14,16.19,16.44,-0.25,-1.52,34417.69,55838.5684
300051.SZ,2016-09-21,16.2,16.45,16.13,16.26,16.19,0.07000000000000028,0.43,34604.99,56468.9019
300051.SZ,2016-09-22,16.37,16.77,16.3,16.52,16.26,0.259999999999998,1.6,68291.26,113044.5195
300051.SZ,2016-09-23,16.66,16.7,16.3,16.31,16.52,-0.21000000000000085,-1.27,47889.67,79030.8731
300051.SZ,2016-09-26,16.21,16.4,15.88,15.88,16.31,-0.42999999999999794,-2.64,38299.68,62050.448
300051.SZ,2016-09-27,15.89,16.34,15.89,16.3,15.88,0.41999999999999993,2.64,38889.51,62773.4535
300051.SZ,2016-09-28,16.54,16.54,16.22,16.36,16.3,0.05999999999999872,0.37,37286.79,61021.1223
300051.SZ,2016-09-29,16.37,16.5,16.2,16.36,16.36,0.0,0.0,34757.53,56851.9003
300051.SZ,2016-09-30,16.33,16.55,16.31,16.51,16.36,0.15000000000000213,0.92,31740.01,52235.7413
300051.SZ,2016-10-10,16.7,17.28,16.67,17.18,16.51,0.6699999999999982,4.06,74668.63,127441.6754
300051.SZ,2016-10-11,17.18,17.23,16.95,17.03,17.18,-0.14999999999999858,-0.87,47418.29,80884.4468
300051.SZ,2016-10-12,17.03,17.18,16.86,17.04,17.03,0.00999999999999801,0.06,43068.03,73200.7546
300051.SZ,2016-10-13,17.04,17.13,16.89,16.97,17.04,-0.07000000000000028,-0.41,37158.65,63048.0522
300051.SZ,2016-10-14,16.98,17.02,16.67,16.86,16.97,-0.10999999999999943,-0.65,43682.51,73406.0546
300051.SZ,2016-10-17,16.85,16.95,16.55,16.55,16.86,-0.3099999999999987,-1.84,41659.14,69857.5233
300051.SZ,2016-10-18,16.69,16.79,16.39,16.78,16.55,0.23000000000000043,1.39,70369.42,116965.1644
300051.SZ,2016-10-19,16.89,16.9,16.62,16.69,16.78,-0.08999999999999986,-0.54,42945.31,71913.7332
300051.SZ,2016-10-20,16.65,16.98,16.65,16.89,16.69,0.1999999999999993,1.2,52696.55,88660.865
300051.SZ,2016-10-21,16.95,16.97,16.45,16.63,16.89,-0.26000000000000156,-1.54,54310.5,90500.6038
300051.SZ,2016-10-24,16.66,16.97,16.56,16.87,16.63,0.240000000000002,1.44,57942.29,97358.4379
300051.SZ,2016-10-25,16.85,17.11,16.82,16.92,16.87,0.05000000000000071,0.3,60643.54,102858.9059
300051.SZ,2016-10-26,16.88,17.8,16.88,17.47,16.92,0.5499999999999972,3.25,174650.01,302345.9337
300051.SZ,2016-10-27,17.33,17.48,17.15,17.21,17.47,-0.259999999999998,-1.49,91858.2,158392.915
300051.SZ,2016-10-28,17.28,17.36,17.03,17.07,17.21,-0.14000000000000057,-0.81,64886.68,111680.8396
300051.SZ,2016-10-31,17.0,17.0,16.48,16.82,17.07,-0.25,-1.46,67802.64,113191.587
300051.SZ,2016-11-01,16.84,17.12,16.68,17.01,16.82,0.19000000000000128,1.13,64419.44,108696.112
300051.SZ,2016-11-02,16.95,16.95,16.52,16.55,17.01,-0.46000000000000085,-2.7,66489.21,111089.098
300051.SZ,2016-11-03,16.49,16.77,16.35,16.62,16.55,0.07000000000000028,0.42,67605.67,112230.288
300051.SZ,2016-11-04,16.61,16.79,16.5,16.57,16.62,-0.05000000000000071,-0.3,55943.99,93096.596
300051.SZ,2016-11-07,16.57,16.57,16.34,16.41,16.57,-0.16000000000000014,-0.97,46844.67,76946.276
300051.SZ,2016-11-08,16.51,16.65,16.49,16.58,16.41,0.16999999999999815,1.04,40733.99,67487.868
300051.SZ,2016-11-09,16.59,16.74,16.24,16.45,16.58,-0.129999999999999,-0.78,66856.9,110649.338
300051.SZ,2016-11-10,16.61,16.7,16.55,16.64,16.45,0.19000000000000128,1.16,52310.66,86963.794
300051.SZ,2016-11-11,16.64,16.84,16.58,16.81,16.64,0.16999999999999815,1.02,74750.93,124871.705
300051.SZ,2016-11-14,16.87,17.15,16.82,16.95,16.81,0.14000000000000057,0.83,89970.46,152666.759
300051.SZ,2016-11-15,16.97,17.35,16.8,17.21,16.95,0.26000000000000156,1.53,109957.87,187918.975
300051.SZ,2016-11-16,17.34,17.5,17.03,17.05,17.21,-0.16000000000000014,-0.93,120529.75,207254.254
300051.SZ,2016-11-17,17.0,17.01,16.58,16.69,17.05,-0.35999999999999943,-2.11,80766.72,135255.847
300051.SZ,2016-11-18,16.67,16.78,16.57,16.67,16.69,-0.019999999999999574,-0.12,58049.44,96890.205
300051.SZ,2016-11-21,16.63,16.75,16.57,16.67,16.67,0.0,0.0,52301.42,87069.348
300051.SZ,2016-11-22,16.68,16.99,16.57,16.99,16.67,0.31999999999999673,1.92,103806.1,174294.357
300051.SZ,2016-11-23,16.95,18.69,16.91,17.72,16.99,0.7300000000000004,4.3,360060.42,643582.681
300051.SZ,2016-11-24,17.47,17.48,17.13,17.32,17.72,-0.3999999999999986,-2.26,186207.64,321428.319
300051.SZ,2016-11-25,17.22,18.18,17.01,18.1,17.32,0.7800000000000011,4.5,274045.7,487384.828
300051.SZ,2016-11-28,18.1,18.3,17.81,17.95,18.1,-0.15000000000000213,-0.83,187489.92,338229.789
300051.SZ,2016-11-29,17.9,18.28,17.45,17.85,17.95,-0.09999999999999787,-0.56,197483.8,352900.198
300051.SZ,2016-11-30,17.6,18.79,17.6,18.47,17.85,0.6199999999999974,3.47,360402.48,662206.566
300051.SZ,2016-12-01,18.29,18.42,17.92,18.12,18.47,-0.34999999999999787,-1.89,211776.11,384203.215
300051.SZ,2016-12-02,17.92,18.15,17.41,17.47,18.12,-0.6500000000000021,-3.59,162260.5,289320.148
300051.SZ,2016-12-05,17.1,17.59,16.97,17.0,17.47,-0.46999999999999886,-2.69,140403.0,241956.987
300051.SZ,2016-12-06,17.1,17.17,16.57,16.59,17.0,-0.41000000000000014,-2.41,117257.43,197445.813
300051.SZ,2016-12-07,16.62,16.86,16.58,16.8,16.59,0.21000000000000085,1.27,80180.37,134183.283
300051.SZ,2016-12-08,16.78,16.8,16.3,16.4,16.8,-0.40000000000000213,-2.38,105409.73,174836.448
300051.SZ,2016-12-09,16.32,16.61,16.25,16.43,16.4,0.030000000000001137,0.18,83522.83,137029.964
300051.SZ,2016-12-12,16.44,16.48,14.79,14.81,16.43,-1.6199999999999992,-9.86,163356.75,252970.562
300051.SZ,2016-12-13,14.8,14.93,14.48,14.81,14.81,0.0,0.0,86716.4,127553.097
300051.SZ,2016-12-14,14.79,14.81,14.1,14.22,14.81,-0.5899999999999999,-3.98,117359.81,169036.085
300051.SZ,2016-12-15,14.23,14.75,14.21,14.48,14.22,0.2599999999999998,1.83,87405.66,127076.789
300051.SZ,2016-12-16,14.51,14.95,14.34,14.67,14.48,0.1899999999999995,1.31,72857.78,106989.842
300051.SZ,2016-12-19,14.58,14.88,14.46,14.71,14.67,0.040000000000000924,0.27,55259.12,80970.08
300051.SZ,2016-12-20,14.7,15.09,14.61,14.92,14.71,0.20999999999999908,1.43,77398.21,115203.509
300051.SZ,2016-12-21,14.93,15.03,14.8,14.93,14.92,0.009999999999999787,0.07,54397.05,81039.693
300051.SZ,2016-12-22,14.85,14.93,14.57,14.74,14.93,-0.1899999999999995,-1.27,54515.88,80192.211
300051.SZ,2016-12-23,14.72,14.92,14.51,14.55,14.74,-0.1899999999999995,-1.29,52533.25,77430.303
300051.SZ,2016-12-26,14.56,14.81,14.14,14.69,14.55,0.1399999999999988,0.96,48671.04,70300.95
300051.SZ,2016-12-27,14.73,14.8,14.6,14.7,14.69,0.009999999999999787,0.07,36440.11,53643.098
300051.SZ,2016-12-28,14.64,14.85,14.62,14.76,14.7,0.0600000000000005,0.41,42403.53,62600.306
300051.SZ,2016-12-29,14.76,15.19,14.65,14.86,14.76,0.09999999999999964,0.68,76783.29,115141.944
300051.SZ,2016-12-30,14.7,14.86,14.59,14.65,14.86,-0.20999999999999908,-1.41,48637.59,71492.889
300051.SZ,2017-01-03,14.72,14.96,14.71,14.85,14.65,0.1999999999999993,1.37,38757.68,57539.037
300051.SZ,2017-01-04,14.76,15.12,14.72,15.04,14.85,0.1899999999999995,1.28,69301.76,103648.072
300051.SZ,2017-01-05,15.05,15.39,14.92,15.15,15.04,0.11000000000000121,0.73,85817.18,129877.721
300051.SZ,2017-01-06,15.02,15.1,14.74,14.79,15.15,-0.3600000000000012,-2.38,68995.02,102654.886
300051.SZ,2017-01-09,14.79,14.84,14.65,14.77,14.79,-0.019999999999999574,-0.14,46810.23,68918.725
300051.SZ,2017-01-10,14.76,15.05,14.72,14.87,14.77,0.09999999999999964,0.68,55273.67,82341.653
300051.SZ,2017-01-11,14.95,15.34,14.8,15.02,14.87,0.15000000000000036,1.01,119860.47,181011.327
300051.SZ,2017-01-12,14.94,15.19,14.87,15.03,15.02,0.009999999999999787,0.07,67765.1,101728.908
300051.SZ,2017-01-13,15.0,15.07,14.21,14.34,15.03,-0.6899999999999995,-4.59,80862.56,118425.542
300051.SZ,2017-01-16,14.18,14.33,12.91,13.27,14.34,-1.0700000000000003,-7.46,95376.22,129515.602
300051.SZ,2017-01-17,13.2,13.89,13.0,13.66,13.27,0.39000000000000057,2.94,73700.48,99088.401
300051.SZ,2017-01-18,13.59,13.64,13.4,13.43,13.66,-0.23000000000000043,-1.68,42927.93,57898.259
300051.SZ,2017-01-19,13.3,13.69,13.21,13.49,13.43,0.0600000000000005,0.45,40339.24,54425.922
300051.SZ,2017-01-20,13.46,14.08,13.4,13.91,13.49,0.41999999999999993,3.11,76450.68,106318.352
300051.SZ,2017-01-23,13.76,14.15,13.76,13.99,13.91,0.08000000000000007,0.58,45664.8,63909.695
300051.SZ,2017-06-05,12.59,12.59,12.59,12.59,13.99,-1.4000000000000004,-10.01,5970.0,7516.23
300051.SZ,2017-06-06,11.33,11.96,11.33,11.5,12.59,-1.0899999999999999,-8.66,204001.56,235392.791
300051.SZ,2017-06-07,11.3,11.86,11.21,11.7,11.5,0.1999999999999993,1.74,132505.53,153662.885
300051.SZ,2017-06-08,11.63,11.73,11.52,11.6,11.7,-0.09999999999999964,-0.85,85901.56,99759.738
300051.SZ,2017-06-09,11.61,11.98,11.34,11.69,11.6,0.08999999999999986,0.78,108820.61,126691.199
300051.SZ,2017-06-12,11.51,11.58,11.25,11.3,11.69,-0.3899999999999988,-3.34,65040.17,74312.933
300051.SZ,2017-06-13,11.22,11.54,11.22,11.51,11.3,0.20999999999999908,1.86,53667.09,61439.523
300051.SZ,2017-06-14,11.48,11.72,11.46,11.61,11.51,0.09999999999999964,0.87,63858.32,74138.369
300051.SZ,2017-06-15,11.55,11.95,11.55,11.83,11.61,0.22000000000000064,1.89,93775.47,110764.353
300051.SZ,2017-06-16,11.83,11.97,11.76,11.82,11.83,-0.009999999999999787,-0.08,63920.77,75644.207
300051.SZ,2017-06-19,11.82,12.35,11.73,12.17,11.82,0.34999999999999964,2.96,100333.08,120625.787
300051.SZ,2017-06-20,12.17,12.34,12.05,12.08,12.17,-0.08999999999999986,-0.74,85116.24,103713.893
300051.SZ,2017-06-21,12.13,12.14,11.8,11.98,12.08,-0.09999999999999964,-0.83,75150.05,89629.768
300051.SZ,2017-06-22,11.94,12.02,11.59,11.6,11.98,-0.3800000000000008,-3.17,65220.39,77104.156
300051.SZ,2017-06-23,11.59,11.75,11.4,11.68,11.6,0.08000000000000007,0.69,48007.09,55580.298
300051.SZ,2017-06-26,11.68,11.79,11.55,11.76,11.68,0.08000000000000007,0.68,46472.63,54290.515
300051.SZ,2017-06-27,11.82,12.0,11.72,11.76,11.76,0.0,0.0,52692.3,62489.838
300051.SZ,2017-06-28,11.73,11.75,11.45,11.5,11.76,-0.2599999999999998,-2.21,50473.72,58416.19
300051.SZ,2017-06-29,11.52,11.84,11.52,11.65,11.5,0.15000000000000036,1.3,42313.38,49403.133
300051.SZ,2017-06-30,11.59,11.71,11.52,11.67,11.65,0.019999999999999574,0.17,34560.83,40209.804
300051.SZ,2017-07-03,11.64,11.89,11.64,11.85,11.67,0.17999999999999972,1.54,42102.82,49686.53
300051.SZ,2017-07-04,11.8,11.89,11.74,11.83,11.85,-0.019999999999999574,-0.17,35321.26,41704.201
300051.SZ,2017-07-05,11.72,11.93,11.72,11.92,11.83,0.08999999999999986,0.76,51970.96,61629.477
300051.SZ,2017-07-06,11.91,11.93,11.57,11.68,11.92,-0.2400000000000002,-2.01,75921.6,89328.284
300051.SZ,2017-07-07,11.68,11.8,11.64,11.72,11.68,0.040000000000000924,0.34,49618.98,58061.782
300051.SZ,2017-07-10,11.68,11.71,11.45,11.52,11.72,-0.20000000000000107,-1.71,46593.52,53846.461
300051.SZ,2017-07-11,11.49,11.57,11.3,11.32,11.52,-0.1999999999999993,-1.74,42076.0,48125.456
300051.SZ,2017-07-12,11.3,11.38,10.81,11.12,11.32,-0.20000000000000107,-1.77,58455.98,64821.959
300051.SZ,2017-07-13,11.11,11.11,10.95,10.99,11.12,-0.129999999999999,-1.17,34337.5,37816.087
300051.SZ,2017-07-14,10.85,10.85,10.53,10.58,10.99,-0.41000000000000014,-3.73,66016.08,70305.876
300051.SZ,2017-07-17,10.58,10.58,9.52,9.52,10.58,-1.0600000000000005,-10.02,91098.37,89374.019
300051.SZ,2017-07-18,9.45,10.42,9.14,9.86,9.52,0.33999999999999986,3.57,100968.34,97935.245
300051.SZ,2017-07-19,9.61,9.86,9.58,9.77,9.86,-0.08999999999999986,-0.91,50630.71,49201.817
300051.SZ,2017-07-20,9.73,9.96,9.73,9.76,9.77,-0.009999999999999787,-0.1,45848.0,45172.962
300051.SZ,2017-07-21,9.7,10.28,9.67,9.93,9.76,0.16999999999999993,1.74,56896.18,56768.85
300051.SZ,2017-07-24,9.83,10.09,9.83,10.01,9.93,0.08000000000000007,0.81,43070.08,42986.989
300051.SZ,2017-07-25,9.96,10.02,9.87,9.93,10.01,-0.08000000000000007,-0.8,40652.83,40383.815
300051.SZ,2017-07-26,9.96,9.96,9.77,9.83,9.93,-0.09999999999999964,-1.01,33682.82,33188.666
300051.SZ,2017-07-27,9.8,10.78,9.76,10.64,9.83,0.8100000000000005,8.24,159204.56,165721.933
300051.SZ,2017-07-28,10.64,10.64,10.36,10.39,10.64,-0.25,-2.35,84488.1,88423.442
300051.SZ,2017-07-31,10.34,10.59,10.21,10.42,10.39,0.02999999999999936,0.29,56742.89,59129.392
300051.SZ,2017-08-01,10.4,10.53,10.3,10.48,10.42,0.0600000000000005,0.58,49898.39,51992.594
300051.SZ,2017-08-02,10.44,10.49,10.23,10.41,10.48,-0.07000000000000028,-0.67,57618.7,59732.842
300051.SZ,2017-08-03,10.37,10.88,10.27,10.53,10.41,0.11999999999999922,1.15,92900.14,98491.381
300051.SZ,2017-08-04,10.54,10.66,10.42,10.43,10.53,-0.09999999999999964,-0.95,42935.76,45094.427
300051.SZ,2017-08-07,10.41,10.63,10.38,10.43,10.43,0.0,0.0,37743.12,39654.164
300051.SZ,2017-08-08,10.44,10.62,10.3,10.62,10.43,0.1899999999999995,1.82,64925.57,68116.107
300051.SZ,2017-08-09,10.55,10.62,10.33,10.34,10.62,-0.27999999999999936,-2.64,61214.66,64087.977
300051.SZ,2017-08-10,10.31,10.44,10.1,10.11,10.34,-0.23000000000000043,-2.22,54325.79,55720.918
300051.SZ,2017-08-11,10.05,10.35,10.02,10.08,10.11,-0.02999999999999936,-0.3,43763.27,44570.569
300051.SZ,2017-08-14,10.11,10.8,10.08,10.77,10.08,0.6899999999999995,6.85,144944.86,153348.796
300051.SZ,2017-08-15,10.74,11.14,10.55,11.1,10.77,0.33000000000000007,3.06,153942.26,166398.013
300051.SZ,2017-08-16,11.0,11.41,10.86,11.19,11.1,0.08999999999999986,0.81,191510.95,214208.468
300051.SZ,2017-08-17,11.04,11.44,11.0,11.17,11.19,-0.019999999999999574,-0.18,130577.83,146256.939
300051.SZ,2017-08-18,11.09,11.19,10.91,10.99,11.17,-0.17999999999999972,-1.61,85273.43,94202.405
300051.SZ,2017-08-21,10.95,11.25,10.92,11.21,10.99,0.22000000000000064,2.0,66742.19,74148.766
300051.SZ,2017-08-22,11.25,11.67,11.2,11.48,11.21,0.2699999999999996,2.41,168813.7,193330.003
300051.SZ,2017-08-23,11.33,11.42,11.1,11.21,11.48,-0.2699999999999996,-2.35,83920.98,94360.932
300051.SZ,2017-08-24,11.2,11.24,11.01,11.05,11.21,-0.16000000000000014,-1.43,56220.18,62420.488
300051.SZ,2017-08-25,11.05,11.38,11.05,11.27,11.05,0.21999999999999886,1.99,70810.94,79646.651
300051.SZ,2017-08-28,11.27,11.64,11.23,11.47,11.27,0.20000000000000107,1.77,96659.97,111022.477
300051.SZ,2017-08-29,11.47,11.75,11.31,11.54,11.47,0.06999999999999851,0.61,103229.97,119025.888
300051.SZ,2017-08-30,11.46,11.65,11.35,11.39,11.54,-0.14999999999999858,-1.3,66891.13,76939.723
300051.SZ,2017-08-31,11.36,11.58,11.32,11.44,11.39,0.049999999999998934,0.44,54610.49,62511.88
300051.SZ,2017-09-01,11.48,11.64,11.33,11.62,11.44,0.17999999999999972,1.57,80921.25,92918.829
300051.SZ,2017-09-04,11.55,11.88,11.44,11.82,11.62,0.20000000000000107,1.72,111588.61,130596.562
300051.SZ,2017-09-05,11.72,11.99,11.62,11.67,11.82,-0.15000000000000036,-1.27,94993.17,111940.875
300051.SZ,2017-09-06,11.6,11.95,11.53,11.89,11.67,0.22000000000000064,1.89,85524.88,100575.843
300051.SZ,2017-09-07,11.8,12.1,11.75,11.77,11.89,-0.120000000000001,-1.01,99546.4,118875.097
300051.SZ,2017-09-08,11.7,11.79,11.41,11.55,11.77,-0.21999999999999886,-1.87,102206.25,118579.209
300051.SZ,2017-09-11,11.59,12.12,11.5,12.1,11.55,0.5499999999999989,4.76,160037.18,190229.374
300051.SZ,2017-09-12,12.02,12.67,12.0,12.2,12.1,0.09999999999999964,0.83,255409.58,314517.394
300051.SZ,2017-09-13,12.05,12.5,12.03,12.44,12.2,0.2400000000000002,1.97,137659.03,169325.663
300051.SZ,2017-09-14,12.39,12.39,12.13,12.25,12.44,-0.1899999999999995,-1.53,94646.49,115753.632
300051.SZ,2017-09-15,12.25,12.25,11.85,11.96,12.25,-0.28999999999999915,-2.37,72774.04,87278.403
300051.SZ,2017-09-18,11.86,12.07,11.86,12.07,11.96,0.10999999999999943,0.92,44174.83,52922.715
300051.SZ,2017-09-19,12.06,12.11,11.75,11.77,12.07,-0.3000000000000007,-2.49,57205.19,67977.151
300051.SZ,2017-09-20,11.71,12.0,11.71,11.95,11.77,0.17999999999999972,1.53,42199.42,50178.615
300051.SZ,2017-09-21,11.98,12.0,11.57,11.57,11.95,-0.379999999999999,-3.18,56164.65,66174.963
300051.SZ,2017-09-22,11.58,11.67,11.43,11.58,11.57,0.009999999999999787,0.09,52535.02,60616.642
300051.SZ,2017-09-25,11.58,11.83,11.2,11.25,11.58,-0.33000000000000007,-2.85,47025.23,54229.981
300051.SZ,2017-09-26,11.22,11.38,11.07,11.21,11.25,-0.03999999999999915,-0.36,42413.98,47447.256
300051.SZ,2017-09-27,11.21,11.34,11.18,11.29,11.21,0.0799999999999983,0.71,28212.59,31804.531
300051.SZ,2017-09-28,11.29,11.61,11.25,11.54,11.29,0.25,2.21,65225.62,74866.919
300051.SZ,2017-09-29,11.48,11.63,11.42,11.6,11.54,0.0600000000000005,0.52,54677.54,63048.816
300051.SZ,2017-10-09,11.82,11.97,11.64,11.82,11.6,0.22000000000000064,1.9,65174.71,77071.538
300051.SZ,2017-10-10,11.8,12.5,11.71,12.19,11.82,0.3699999999999992,3.13,118101.7,144224.1
300051.SZ,2017-10-11,12.07,12.23,11.83,11.95,12.19,-0.2400000000000002,-1.97,79455.19,95512.595
300051.SZ,2017-10-12,11.98,12.19,11.76,11.95,11.95,0.0,0.0,67833.49,81505.595
300051.SZ,2017-10-13,11.98,12.06,11.8,11.98,11.95,0.030000000000001137,0.25,41935.98,49953.001
300051.SZ,2017-10-16,11.89,12.05,11.26,11.31,11.98,-0.6699999999999999,-5.59,72889.94,84493.498
300051.SZ,2017-10-17,11.32,11.41,11.23,11.34,11.31,0.02999999999999936,0.27,40209.0,45563.017
300051.SZ,2017-10-18,11.39,11.49,10.79,10.85,11.34,-0.4900000000000002,-4.32,56876.03,63654.893
300051.SZ,2017-10-19,10.95,11.0,10.62,10.67,10.85,-0.17999999999999972,-1.66,49556.0,53389.988
300051.SZ,2017-10-20,10.64,10.84,10.63,10.82,10.67,0.15000000000000036,1.41,27149.29,29237.554
300051.SZ,2017-10-23,10.83,10.9,10.76,10.88,10.82,0.0600000000000005,0.55,20396.98,22136.123
300051.SZ,2017-10-24,10.81,10.88,10.47,10.62,10.88,-0.26000000000000156,-2.39,42387.5,44976.163
300051.SZ,2017-10-25,10.63,10.84,10.61,10.81,10.62,0.19000000000000128,1.79,28836.13,30965.953
300051.SZ,2017-10-26,10.75,10.89,10.71,10.84,10.81,0.02999999999999936,0.28,27148.43,29343.514
300051.SZ,2017-10-27,10.83,10.87,10.6,10.61,10.84,-0.23000000000000043,-2.12,32781.03,35121.378
300051.SZ,2017-10-30,10.61,10.64,10.13,10.13,10.61,-0.47999999999999865,-4.52,51887.63,53372.135
300051.SZ,2017-10-31,10.09,10.46,10.08,10.33,10.13,0.1999999999999993,1.97,28516.08,29380.813
300051.SZ,2017-11-01,10.3,10.45,10.28,10.35,10.33,0.019999999999999574,0.19,26771.0,27782.84
300051.SZ,2017-11-02,10.35,10.35,10.12,10.18,10.35,-0.16999999999999993,-1.64,27092.03,27608.658
300051.SZ,2017-11-03,10.19,10.3,10.05,10.12,10.18,-0.0600000000000005,-0.59,28318.6,28782.782
300051.SZ,2017-11-06,10.13,10.41,10.1,10.35,10.12,0.23000000000000043,2.27,26412.99,27147.508
300051.SZ,2017-11-07,10.36,10.49,10.3,10.45,10.35,0.09999999999999964,0.97,32306.01,33601.775
300051.SZ,2017-11-08,10.45,10.72,10.37,10.56,10.45,0.11000000000000121,1.05,41760.02,44194.229
300051.SZ,2017-11-09,10.56,10.69,10.46,10.63,10.56,0.07000000000000028,0.66,28473.02,30208.117
300051.SZ,2017-11-10,10.59,10.69,10.42,10.64,10.63,0.009999999999999787,0.09,40450.87,42677.748
300051.SZ,2017-11-13,10.6,10.64,10.4,10.41,10.64,-0.23000000000000043,-2.16,34193.34,35774.352
300051.SZ,2017-11-14,10.16,10.2,9.55,9.65,10.41,-0.7599999999999998,-7.3,128207.1,125364.444
300051.SZ,2017-11-15,9.57,9.63,9.5,9.57,9.65,-0.08000000000000007,-0.83,37511.93,35863.126
300051.SZ,2017-11-16,9.61,9.75,9.54,9.59,9.57,0.019999999999999574,0.21,34950.9,33734.527
300051.SZ,2017-11-17,9.59,9.59,9.02,9.07,9.59,-0.5199999999999996,-5.42,47489.46,43997.56
300051.SZ,2017-11-20,9.08,9.26,8.84,9.24,9.07,0.16999999999999993,1.87,29827.07,27043.803
300051.SZ,2017-11-21,9.24,9.35,9.1,9.18,9.24,-0.0600000000000005,-0.65,35029.92,32197.276
300051.SZ,2017-11-22,9.14,9.32,9.06,9.12,9.18,-0.0600000000000005,-0.65,35745.39,32768.089
300051.SZ,2017-11-23,9.15,9.7,9.06,9.29,9.12,0.16999999999999993,1.86,79217.72,74710.816
300051.SZ,2017-11-24,9.19,9.63,9.15,9.4,9.29,0.11000000000000121,1.18,55130.13,52005.503
300051.SZ,2017-11-27,9.49,9.59,9.33,9.43,9.4,0.02999999999999936,0.32,34254.0,32510.619
300051.SZ,2017-11-28,9.49,9.69,9.36,9.65,9.43,0.22000000000000064,2.33,38032.5,36210.963
300051.SZ,2017-11-29,9.65,9.65,9.4,9.47,9.65,-0.17999999999999972,-1.87,32800.9,31125.141
300051.SZ,2017-11-30,9.37,9.52,9.35,9.4,9.47,-0.07000000000000028,-0.74,23048.06,21729.693
300051.SZ,2017-12-01,9.38,10.16,9.36,9.91,9.4,0.5099999999999998,5.43,120375.01,118991.221
300051.SZ,2017-12-04,9.93,9.98,9.58,9.64,9.91,-0.2699999999999996,-2.72,67154.31,65502.372
300051.SZ,2017-12-05,9.61,9.77,9.3,9.32,9.64,-0.3200000000000003,-3.32,56867.79,54512.245
300051.SZ,2017-12-06,9.31,9.8,9.31,9.78,9.32,0.4599999999999991,4.94,58249.18,55602.976
300051.SZ,2017-12-07,9.79,10.3,9.73,10.13,9.78,0.3500000000000014,3.58,114097.18,114929.439
300051.SZ,2017-12-08,10.1,10.24,9.96,10.15,10.13,0.019999999999999574,0.2,68368.21,69076.686
300051.SZ,2017-12-11,10.25,10.45,10.11,10.14,10.15,-0.009999999999999787,-0.1,87190.81,89529.05
300051.SZ,2017-12-12,10.11,10.14,9.88,9.93,10.14,-0.21000000000000085,-2.07,63360.19,63142.137
300051.SZ,2017-12-13,9.94,10.03,9.89,9.99,9.93,0.0600000000000005,0.6,36283.36,36144.285
300051.SZ,2017-12-14,9.97,10.03,9.73,9.89,9.99,-0.09999999999999964,-1.0,40952.0,40357.858
300051.SZ,2017-12-15,9.89,10.1,9.82,10.05,9.89,0.16000000000000014,1.62,42045.14,41972.471
300051.SZ,2017-12-18,9.98,10.1,9.79,9.9,10.05,-0.15000000000000036,-1.49,34952.53,34627.025
300051.SZ,2017-12-19,9.87,10.34,9.87,10.15,9.9,0.25,2.53,74189.87,75532.744
300051.SZ,2017-12-20,10.1,10.1,9.9,9.95,10.15,-0.20000000000000107,-1.97,45971.07,45790.83
300051.SZ,2017-12-21,9.95,9.98,9.6,9.94,9.95,-0.009999999999999787,-0.1,40938.0,40271.958
300051.SZ,2017-12-22,9.9,9.92,9.73,9.74,9.94,-0.1999999999999993,-2.01,28388.0,27780.822
300051.SZ,2017-12-25,9.85,9.85,9.3,9.39,9.74,-0.34999999999999964,-3.59,42069.98,39797.648
300051.SZ,2017-12-26,9.4,9.58,9.4,9.53,9.39,0.1399999999999988,1.49,25789.74,24479.806
300051.SZ,2017-12-27,9.55,9.55,9.3,9.46,9.53,-0.06999999999999851,-0.73,34346.06,32224.183
300051.SZ,2017-12-28,9.39,9.54,9.37,9.46,9.46,0.0,0.0,24976.74,23610.996
300051.SZ,2017-12-29,9.4,9.58,9.39,9.55,9.46,0.08999999999999986,0.95,23715.06,22452.842
300051.SZ,2018-01-02,9.55,9.6,9.42,9.6,9.55,0.049999999999998934,0.52,25745.01,24496.781
300051.SZ,2018-01-03,9.59,9.8,9.52,9.72,9.6,0.120000000000001,1.25,33905.27,32792.535
300051.SZ,2018-01-04,9.74,9.75,9.62,9.69,9.72,-0.030000000000001137,-0.31,30529.38,29483.113
300051.SZ,2018-01-05,9.74,9.97,9.72,9.8,9.69,0.11000000000000121,1.14,47981.97,47075.638
300051.SZ,2018-01-08,9.73,9.9,9.56,9.9,9.8,0.09999999999999964,1.02,37361.37,36233.861
300051.SZ,2018-01-09,9.82,9.9,9.67,9.84,9.9,-0.0600000000000005,-0.61,37305.36,36566.577
300051.SZ,2018-01-10,9.9,10.8,9.8,10.41,9.84,0.5700000000000003,5.79,209997.67,217515.775
300051.SZ,2018-01-11,10.3,11.35,10.23,11.12,10.41,0.7099999999999991,6.82,246108.65,264743.795
300051.SZ,2018-01-12,10.92,11.68,10.81,11.04,11.12,-0.08000000000000007,-0.72,248705.22,278054.093
300051.SZ,2018-01-15,10.78,10.78,10.18,10.48,11.04,-0.5599999999999987,-5.07,163062.02,171177.199
300051.SZ,2018-01-16,10.42,10.57,10.09,10.46,10.48,-0.019999999999999574,-0.19,133021.88,137430.604
300051.SZ,2018-01-17,9.95,10.18,9.54,9.93,10.46,-0.5300000000000011,-5.07,148135.86,146325.405
300051.SZ,2018-01-18,9.84,10.25,9.81,9.94,9.93,0.009999999999999787,0.1,62006.44,62218.18
300051.SZ,2018-01-19,10.01,10.07,9.55,9.55,9.94,-0.3899999999999988,-3.92,116385.01,113398.415
300051.SZ,2018-01-22,9.54,9.84,9.12,9.73,9.55,0.17999999999999972,1.88,95794.51,91593.959
300051.SZ,2018-01-23,9.67,9.78,9.55,9.59,9.73,-0.14000000000000057,-1.44,53240.0,51283.25
300051.SZ,2018-01-24,9.63,10.38,9.63,10.28,9.59,0.6899999999999995,7.19,160017.02,160538.885
300051.SZ,2018-01-25,10.21,10.64,10.0,10.04,10.28,-0.2400000000000002,-2.33,150268.58,155083.643
300051.SZ,2018-01-26,10.02,11.04,10.02,11.04,10.04,1.0,9.96,166901.33,178288.677
300051.SZ,2018-01-29,11.3,11.6,10.76,10.81,11.04,-0.22999999999999865,-2.08,306270.02,340966.535
300051.SZ,2018-01-30,10.79,11.08,10.59,10.59,10.81,-0.22000000000000064,-2.04,181509.24,195925.688
300051.SZ,2018-01-31,10.5,10.76,10.24,10.41,10.59,-0.17999999999999972,-1.7,145303.67,151878.492
300051.SZ,2018-02-01,10.38,11.2,10.38,10.52,10.41,0.10999999999999943,1.06,216668.54,231939.372
300051.SZ,2018-02-02,9.9,9.97,9.47,9.55,10.52,-0.9699999999999989,-9.22,196542.73,189687.553
300051.SZ,2018-02-05,9.25,9.47,9.01,9.27,9.55,-0.28000000000000114,-2.93,92971.7,86368.697
300051.SZ,2018-02-06,9.02,9.5,8.89,8.9,9.27,-0.3699999999999992,-3.99,104881.03,96558.869
300051.SZ,2018-02-07,9.14,9.45,8.88,9.3,8.9,0.40000000000000036,4.49,113114.25,104160.126
300051.SZ,2018-02-08,9.22,9.54,9.2,9.36,9.3,0.05999999999999872,0.65,91185.32,85783.278
300051.SZ,2018-02-09,9.0,9.3,8.58,8.71,9.36,-0.6499999999999986,-6.94,99160.06,89066.807
300051.SZ,2018-02-12,8.85,9.13,8.79,9.03,8.71,0.3199999999999985,3.67,62557.21,56289.984
300051.SZ,2018-02-13,9.2,9.24,8.91,8.91,9.03,-0.11999999999999922,-1.33,53551.24,48665.163
300051.SZ,2018-02-14,9.0,9.0,8.71,8.88,8.91,-0.02999999999999936,-0.34,36306.18,32108.599
300051.SZ,2018-02-22,8.95,9.22,8.95,9.18,8.88,0.29999999999999893,3.38,44592.05,40649.92
300051.SZ,2018-02-23,9.19,9.2,9.05,9.17,9.18,-0.009999999999999787,-0.11,41135.3,37528.695
300051.SZ,2018-02-26,9.19,9.65,9.19,9.45,9.17,0.27999999999999936,3.05,82559.03,77749.072
300051.SZ,2018-02-27,9.4,9.85,9.38,9.71,9.45,0.26000000000000156,2.75,108657.29,105154.087
300051.SZ,2018-02-28,9.56,10.28,9.38,9.9,9.71,0.1899999999999995,1.96,146059.05,144213.741
300051.SZ,2018-03-01,9.77,10.3,9.62,10.2,9.9,0.29999999999999893,3.03,160801.35,162305.41
300051.SZ,2018-03-02,10.13,10.38,9.94,10.02,10.2,-0.17999999999999972,-1.76,124084.59,125223.269
300051.SZ,2018-03-05,10.03,10.15,9.95,10.12,10.02,0.09999999999999964,1.0,80148.24,80563.62
300051.SZ,2018-03-06,10.15,10.2,9.9,10.03,10.12,-0.08999999999999986,-0.89,104785.67,105199.28
300051.SZ,2018-03-07,9.96,10.05,9.8,9.88,10.03,-0.14999999999999858,-1.5,82738.95,81985.476
300051.SZ,2018-03-08,9.92,10.15,9.85,10.01,9.88,0.129999999999999,1.32,95431.71,95726.141
300051.SZ,2018-03-09,10.09,11.01,9.98,10.76,10.01,0.75,7.49,319314.86,340712.222
300051.SZ,2018-03-12,10.85,11.03,10.56,10.88,10.76,0.120000000000001,1.12,261085.88,282571.876
300051.SZ,2018-03-13,10.83,11.3,10.73,10.81,10.88,-0.07000000000000028,-0.64,234631.2,258802.616
300051.SZ,2018-03-14,10.9,11.1,10.75,10.95,10.81,0.1399999999999988,1.3,192597.29,210543.095
300051.SZ,2018-03-15,10.82,10.86,10.26,10.63,10.95,-0.3199999999999985,-2.92,187078.81,197097.547
300051.SZ,2018-03-16,10.51,10.66,10.3,10.31,10.63,-0.3200000000000003,-3.01,120309.8,126581.827
300051.SZ,2018-03-19,10.34,10.67,10.26,10.42,10.31,0.10999999999999943,1.07,126422.56,132803.11
300051.SZ,2018-03-20,10.26,10.8,10.11,10.78,10.42,0.35999999999999943,3.45,152057.26,158743.197
300051.SZ,2018-03-21,10.69,10.8,10.23,10.23,10.78,-0.5499999999999989,-5.1,132494.0,140164.549
300051.SZ,2018-03-22,10.25,11.25,10.23,11.25,10.23,1.0199999999999996,9.97,184040.18,201580.859
300051.SZ,2018-03-23,11.25,11.96,10.95,11.41,11.25,0.16000000000000014,1.42,576402.24,661956.328
300051.SZ,2018-03-26,10.95,11.62,10.27,11.45,11.41,0.03999999999999915,0.35,361063.83,395188.969
300051.SZ,2018-03-27,11.57,12.0,11.31,11.82,11.45,0.370000000000001,3.23,454612.3,530919.206
300051.SZ,2018-03-28,11.44,11.67,11.28,11.35,11.82,-0.47000000000000064,-3.98,259903.47,298695.988
300051.SZ,2018-03-29,11.44,11.72,11.18,11.5,11.35,0.15000000000000036,1.32,200632.21,229843.649
300051.SZ,2018-03-30,11.55,11.85,11.37,11.79,11.5,0.28999999999999915,2.52,302487.31,352143.673
300051.SZ,2018-04-02,11.87,11.99,11.52,11.63,11.79,-0.15999999999999837,-1.36,242677.01,284690.266
300051.SZ,2018-04-03,11.13,11.35,11.01,11.23,11.63,-0.40000000000000036,-3.44,171942.6,192258.751
300051.SZ,2018-04-04,11.23,11.35,10.62,10.7,11.23,-0.5300000000000011,-4.72,167266.95,183986.115
300051.SZ,2018-04-09,10.69,10.97,10.53,10.77,10.7,0.07000000000000028,0.65,122881.22,132756.471
300051.SZ,2018-04-10,10.68,10.78,10.4,10.73,10.77,-0.03999999999999915,-0.37,124180.21,131157.013
300051.SZ,2018-04-11,10.8,11.09,10.66,10.89,10.73,0.16000000000000014,1.49,130648.06,142333.582
300051.SZ,2018-04-12,10.9,11.0,10.58,10.62,10.89,-0.27000000000000135,-2.48,97906.19,105757.432
300051.SZ,2018-04-13,10.76,11.68,10.72,11.68,10.62,1.0600000000000005,9.98,346339.56,392510.098
300051.SZ,2018-04-16,11.59,11.91,11.45,11.8,11.68,0.120000000000001,1.03,423639.53,495270.475
300051.SZ,2018-04-17,11.67,11.73,11.2,11.33,11.8,-0.47000000000000064,-3.98,226521.45,259061.666
300051.SZ,2018-04-18,11.44,12.28,11.26,12.0,11.33,0.6699999999999999,5.91,401071.64,472847.057
300051.SZ,2018-04-19,11.8,11.94,11.64,11.75,12.0,-0.25,-2.08,267074.67,314999.505
300051.SZ,2018-04-20,11.54,11.69,10.9,11.06,11.75,-0.6899999999999995,-5.87,209879.5,238951.258
300051.SZ,2018-04-23,11.1,11.37,10.49,10.79,11.06,-0.27000000000000135,-2.44,174423.73,190703.595
300051.SZ,2018-04-24,10.85,11.29,10.71,11.25,10.79,0.46000000000000085,4.26,167981.25,185900.58
300051.SZ,2018-04-25,11.07,11.76,11.07,11.53,11.25,0.27999999999999936,2.49,219890.5,251446.528
300051.SZ,2018-04-26,11.43,11.49,11.22,11.25,11.53,-0.27999999999999936,-2.43,138931.11,157427.32
300051.SZ,2018-04-27,11.36,11.46,10.77,10.9,11.25,-0.34999999999999964,-3.11,139264.01,154063.212
300051.SZ,2018-05-02,10.92,11.09,10.41,10.65,10.9,-0.25,-2.29,111260.53,119184.572
300051.SZ,2018-05-03,10.58,10.99,10.25,10.95,10.65,0.29999999999999893,2.82,136534.42,145360.179
300051.SZ,2018-05-04,10.83,10.88,10.5,10.5,10.95,-0.4499999999999993,-4.11,95040.87,101530.767
300051.SZ,2018-05-07,10.57,10.91,10.53,10.86,10.5,0.35999999999999943,3.43,100864.89,108723.732
300051.SZ,2018-05-08,10.85,11.14,10.65,11.08,10.86,0.22000000000000064,2.03,148209.61,161580.983
300051.SZ,2018-05-09,11.0,11.14,10.87,11.01,11.08,-0.07000000000000028,-0.63,94197.1,103533.869
300051.SZ,2018-05-10,11.03,11.05,10.67,10.92,11.01,-0.08999999999999986,-0.82,88781.52,96347.562
300051.SZ,2018-05-11,10.89,10.93,10.58,10.59,10.92,-0.33000000000000007,-3.02,84111.52,89974.986
300051.SZ,2018-05-14,10.59,10.74,10.24,10.29,10.59,-0.3000000000000007,-2.83,95555.23,99781.227
300051.SZ,2018-05-15,10.31,10.52,10.12,10.47,10.29,0.1800000000000015,1.75,85700.22,88657.744
300051.SZ,2018-05-16,10.39,10.43,10.16,10.18,10.47,-0.2900000000000009,-2.77,71255.41,73376.855
300051.SZ,2018-05-17,10.18,10.3,10.1,10.16,10.18,-0.019999999999999574,-0.2,50748.81,51672.047
300051.SZ,2018-05-18,10.19,10.33,10.1,10.29,10.16,0.129999999999999,1.28,59974.64,61414.105
300051.SZ,2018-05-21,10.44,10.49,10.33,10.39,10.29,0.10000000000000142,0.97,62416.99,64998.423
300051.SZ,2018-05-22,10.45,10.45,10.25,10.38,10.39,-0.009999999999999787,-0.1,58487.4,60432.46
300051.SZ,2018-05-23,10.39,10.46,10.12,10.15,10.38,-0.23000000000000043,-2.22,60788.0,62565.899
300051.SZ,2018-05-24,10.25,10.28,9.93,9.97,10.15,-0.17999999999999972,-1.77,70416.37,71057.731
300051.SZ,2018-05-25,10.05,10.09,9.63,9.64,9.97,-0.33000000000000007,-3.31,86514.46,84996.213
300051.SZ,2018-05-28,9.64,9.79,9.45,9.65,9.64,0.009999999999999787,0.1,57648.03,55579.093
300051.SZ,2018-05-29,9.59,9.75,9.52,9.6,9.65,-0.05000000000000071,-0.52,46769.89,45048.368
300051.SZ,2018-05-30,9.4,9.41,9.0,9.03,9.6,-0.5700000000000003,-5.94,77173.18,70782.496
300051.SZ,2018-05-31,9.09,9.2,9.0,9.15,9.03,0.120000000000001,1.33,49276.26,44955.392
300051.SZ,2018-06-01,9.15,9.18,8.92,9.02,9.15,-0.13000000000000078,-1.42,45135.66,40873.159
300051.SZ,2018-06-04,9.09,9.15,8.92,9.06,9.02,0.040000000000000924,0.44,31020.13,28065.615
300051.SZ,2018-06-05,9.09,9.38,9.06,9.36,9.06,0.29999999999999893,3.31,62564.62,57916.412
300051.SZ,2018-06-06,9.34,9.34,9.18,9.25,9.36,-0.10999999999999943,-1.18,42451.11,39246.324
300051.SZ,2018-06-07,9.26,9.34,9.01,9.03,9.25,-0.22000000000000064,-2.38,42619.5,39056.417
300051.SZ,2018-06-08,9.07,9.07,8.71,8.9,9.03,-0.129999999999999,-1.44,55374.67,49176.696
300051.SZ,2018-06-11,8.9,9.2,8.75,8.97,8.9,0.07000000000000028,0.79,43186.38,38638.352
300051.SZ,2018-06-12,8.98,9.33,8.98,9.28,8.97,0.3099999999999987,3.46,84095.63,77302.233
300051.SZ,2018-06-13,9.2,9.24,8.88,8.93,9.28,-0.34999999999999964,-3.77,59823.62,54390.763
300051.SZ,2018-06-14,8.91,9.23,8.84,9.09,8.93,0.16000000000000014,1.79,51436.01,46719.716
300051.SZ,2018-06-15,9.01,9.26,8.75,9.12,9.09,0.02999999999999936,0.33,75702.04,68527.547
300051.SZ,2018-06-19,8.77,8.8,8.21,8.21,9.12,-0.9099999999999984,-9.98,80723.07,68615.203
300051.SZ,2018-06-20,8.22,8.36,7.89,8.23,8.21,0.019999999999999574,0.24,59387.74,48696.168
300051.SZ,2018-06-21,8.17,8.23,7.61,7.62,8.23,-0.6100000000000003,-7.41,71759.77,56718.621
300051.SZ,2018-06-22,7.55,7.79,7.19,7.73,7.62,0.11000000000000032,1.44,50034.05,38025.431
300051.SZ,2018-06-25,7.8,7.82,7.5,7.56,7.73,-0.17000000000000082,-2.2,37588.0,28921.946
300051.SZ,2018-06-26,7.41,7.88,7.31,7.85,7.56,0.29000000000000004,3.84,60923.49,47003.626
300051.SZ,2018-06-27,7.83,7.93,7.77,7.86,7.85,0.010000000000000675,0.13,39784.01,31173.76
300051.SZ,2018-06-28,7.87,8.06,7.68,7.71,7.86,-0.15000000000000036,-1.91,41179.67,32392.667
300051.SZ,2018-06-29,7.6,8.13,7.6,8.1,7.71,0.3899999999999997,5.06,68041.86,54299.066
300051.SZ,2018-07-02,8.0,8.23,7.83,7.94,8.1,-0.15999999999999925,-1.98,54515.61,43842.108
300051.SZ,2018-07-03,7.96,8.25,7.88,8.21,7.94,0.27000000000000046,3.4,64460.23,52105.103
300051.SZ,2018-07-04,8.16,8.17,7.83,7.92,8.21,-0.2900000000000009,-3.53,50483.04,40378.668
300051.SZ,2018-07-05,7.88,8.04,7.67,7.73,7.92,-0.1899999999999995,-2.4,40334.72,31572.181
300051.SZ,2018-07-06,7.75,8.08,7.66,7.86,7.73,0.1299999999999999,1.68,57465.81,45290.037
300051.SZ,2018-07-09,8.0,8.07,7.94,8.03,7.86,0.16999999999999904,2.16,36234.0,29063.39
300051.SZ,2018-07-10,8.04,8.08,7.93,8.05,8.03,0.02000000000000135,0.25,26506.0,21239.009
300051.SZ,2018-07-11,7.9,7.9,7.36,7.53,8.05,-0.5200000000000005,-6.46,69067.01,52523.554
300051.SZ,2018-07-12,7.48,7.98,7.48,7.84,7.53,0.3099999999999996,4.12,56927.49,44271.572
300051.SZ,2018-07-13,7.92,8.03,7.85,7.95,7.84,0.11000000000000032,1.4,43080.0,34167.885
300051.SZ,2018-07-16,7.88,8.02,7.83,7.88,7.95,-0.07000000000000028,-0.88,35177.31,27805.654
300051.SZ,2018-07-17,7.88,7.97,7.74,7.96,7.88,0.08000000000000007,1.02,35515.1,28013.852
300051.SZ,2018-07-18,7.98,8.04,7.83,7.83,7.96,-0.1299999999999999,-1.63,36132.73,28773.368
300051.SZ,2018-07-19,7.87,7.87,7.62,7.69,7.83,-0.13999999999999968,-1.79,32909.0,25412.862
300051.SZ,2018-07-20,7.69,7.92,7.63,7.85,7.69,0.15999999999999925,2.08,38098.01,29713.69
300051.SZ,2018-07-23,7.82,8.0,7.8,7.99,7.85,0.14000000000000057,1.78,42172.04,33476.655
300051.SZ,2018-07-24,8.03,8.19,7.93,8.11,7.99,0.11999999999999922,1.5,64813.39,52405.949
300051.SZ,2018-07-25,8.15,8.86,8.15,8.46,8.11,0.3500000000000014,4.32,145754.43,123609.422
300051.SZ,2018-07-26,8.22,8.34,8.15,8.22,8.46,-0.2400000000000002,-2.84,88924.99,73173.578
300051.SZ,2018-07-27,8.15,8.16,8.01,8.03,8.22,-0.19000000000000128,-2.31,54957.1,44386.519
300051.SZ,2018-07-30,8.04,8.08,7.72,7.8,8.03,-0.22999999999999954,-2.86,46866.55,36903.027
300051.SZ,2018-07-31,7.73,7.87,7.73,7.83,7.8,0.03000000000000025,0.38,24322.05,19027.503
300051.SZ,2018-08-01,7.86,7.92,7.71,7.71,7.83,-0.1200000000000001,-1.53,28586.1,22321.516
300051.SZ,2018-08-02,7.71,7.74,7.24,7.41,7.71,-0.2999999999999998,-3.89,49318.1,36714.172
300051.SZ,2018-08-03,7.41,7.49,7.3,7.32,7.41,-0.08999999999999986,-1.21,21769.02,16094.459
300051.SZ,2018-08-06,7.28,7.41,7.2,7.32,7.32,0.0,0.0,21683.0,15840.963
300051.SZ,2018-08-07,7.35,7.54,7.3,7.52,7.32,0.1999999999999993,2.73,25329.69,18849.839
300051.SZ,2018-08-08,7.51,7.62,7.4,7.42,7.52,-0.09999999999999964,-1.33,30554.58,22954.282
300051.SZ,2018-08-09,7.42,7.73,7.32,7.67,7.42,0.25,3.37,49348.11,37662.87
300051.SZ,2018-08-10,7.68,7.76,7.61,7.74,7.67,0.07000000000000028,0.91,35234.75,27103.09
300051.SZ,2018-08-13,7.66,7.86,7.58,7.86,7.74,0.1200000000000001,1.55,41118.76,31751.311
300051.SZ,2018-08-14,7.81,7.84,7.71,7.76,7.86,-0.10000000000000053,-1.27,29641.11,23011.934
300051.SZ,2018-08-15,7.83,7.86,7.58,7.61,7.76,-0.14999999999999947,-1.93,34842.0,26852.605
300051.SZ,2018-08-16,7.33,7.78,7.3,7.76,7.61,0.14999999999999947,1.97,49327.01,37549.11
300051.SZ,2018-08-17,7.76,7.86,7.56,7.67,7.76,-0.08999999999999986,-1.16,48848.0,37773.44
300051.SZ,2018-08-20,7.65,8.0,7.6,7.96,7.67,0.29000000000000004,3.78,80443.0,63184.35
300051.SZ,2018-08-21,7.96,8.07,7.94,7.98,7.96,0.020000000000000462,0.25,115378.08,92366.564
300051.SZ,2018-08-22,7.93,7.93,7.52,7.56,7.98,-0.4200000000000008,-5.26,64806.0,50009.46
300051.SZ,2018-08-23,7.56,7.73,7.56,7.6,7.56,0.040000000000000036,0.53,34944.0,26697.73
300051.SZ,2018-08-24,7.56,7.64,7.48,7.51,7.6,-0.08999999999999986,-1.18,29044.01,21955.936
300051.SZ,2018-08-27,7.52,7.7,7.5,7.67,7.51,0.16000000000000014,2.13,36116.03,27538.012
300051.SZ,2018-08-28,7.66,7.74,7.61,7.68,7.67,0.009999999999999787,0.13,26275.01,20129.721
300051.SZ,2018-08-29,7.68,7.68,7.51,7.53,7.68,-0.14999999999999947,-1.95,29797.02,22627.014
300051.SZ,2018-08-30,7.53,7.6,7.36,7.42,7.53,-0.11000000000000032,-1.46,33754.03,25189.787
300051.SZ,2018-08-31,7.35,7.43,7.2,7.26,7.42,-0.16000000000000014,-2.16,28808.0,21064.937
300051.SZ,2018-09-03,7.26,7.26,6.92,7.13,7.26,-0.1299999999999999,-1.79,49320.34,34772.727
300051.SZ,2018-09-04,7.14,7.24,7.04,7.2,7.13,0.07000000000000028,0.98,31824.03,22809.283
300051.SZ,2018-09-05,7.23,7.28,7.04,7.04,7.2,-0.16000000000000014,-2.22,27030.0,19426.9
300051.SZ,2018-09-06,6.97,7.74,6.95,7.25,7.04,0.20999999999999996,2.98,67247.64,48946.078
300051.SZ,2018-09-07,7.22,7.31,7.04,7.08,7.25,-0.16999999999999993,-2.34,46880.09,33692.36
300051.SZ,2018-09-10,7.08,7.11,6.82,6.87,7.08,-0.20999999999999996,-2.97,30711.0,21340.969
300051.SZ,2018-09-11,6.88,7.02,6.82,6.88,6.87,0.009999999999999787,0.15,23399.11,16181.578
300051.SZ,2018-09-12,6.89,6.99,6.84,6.96,6.88,0.08000000000000007,1.16,18311.0,12679.31
300051.SZ,2018-09-13,6.99,7.08,6.92,7.02,6.96,0.05999999999999961,0.86,21265.0,14894.473
300051.SZ,2018-09-14,7.02,7.06,6.9,6.91,7.02,-0.10999999999999943,-1.57,20726.07,14430.805
300051.SZ,2018-09-17,6.83,6.88,6.67,6.67,6.91,-0.2400000000000002,-3.47,21506.51,14537.723
300051.SZ,2018-09-18,6.68,6.89,6.67,6.82,6.67,0.15000000000000036,2.25,23370.91,15873.263
300051.SZ,2018-09-19,6.82,7.02,6.77,6.94,6.82,0.1200000000000001,1.76,31365.0,21739.241
300051.SZ,2018-09-20,6.92,6.99,6.91,6.93,6.94,-0.010000000000000675,-0.14,24855.8,17280.94
300051.SZ,2018-09-21,6.93,7.04,6.93,7.01,6.93,0.08000000000000007,1.15,24958.0,17453.128
300051.SZ,2018-09-25,7.2,7.23,6.98,7.05,7.01,0.040000000000000036,0.57,25387.18,17939.208
300051.SZ,2018-09-26,7.2,7.2,6.97,6.99,7.05,-0.05999999999999961,-0.85,27857.33,19551.0
300051.SZ,2018-09-27,6.97,6.99,6.76,6.78,6.99,-0.20999999999999996,-3.0,30064.02,20590.955
300051.SZ,2018-09-28,6.77,6.84,6.74,6.79,6.78,0.009999999999999787,0.15,17312.0,11764.18
300051.SZ,2018-10-08,6.67,6.74,6.39,6.44,6.79,-0.34999999999999964,-5.15,24504.0,16129.738
300051.SZ,2018-10-09,6.53,6.55,6.41,6.45,6.44,0.009999999999999787,0.16,15955.0,10313.224
300051.SZ,2018-10-10,6.45,6.49,6.4,6.46,6.45,0.009999999999999787,0.16,16321.0,10533.426
300051.SZ,2018-10-11,6.29,6.29,5.81,5.81,6.46,-0.6500000000000004,-10.06,51119.8,30375.838
300051.SZ,2018-10-12,5.75,5.78,5.34,5.57,5.81,-0.23999999999999932,-4.13,41104.01,22936.627
300051.SZ,2018-10-15,5.6,5.73,5.52,5.57,5.57,0.0,0.0,25473.01,14351.201
300051.SZ,2018-10-16,5.6,5.67,5.33,5.36,5.57,-0.20999999999999996,-3.77,22288.1,12331.681
300051.SZ,2018-10-17,5.6,5.6,5.31,5.5,5.36,0.13999999999999968,2.61,32114.01,17598.606
300051.SZ,2018-10-18,5.49,5.5,5.32,5.36,5.5,-0.13999999999999968,-2.55,27357.24,14848.367
300051.SZ,2018-10-19,5.32,5.58,5.26,5.57,5.36,0.20999999999999996,3.92,30933.35,16886.074
300051.SZ,2018-10-22,5.58,6.0,5.58,5.86,5.57,0.29000000000000004,5.21,55733.35,32451.946
300051.SZ,2018-10-23,5.83,5.87,5.67,5.72,5.86,-0.14000000000000057,-2.39,35379.0,20440.881
300051.SZ,2018-10-24,5.67,5.83,5.67,5.74,5.72,0.020000000000000462,0.35,24912.0,14330.712
300051.SZ,2018-10-25,5.58,5.69,5.45,5.66,5.74,-0.08000000000000007,-1.39,27965.26,15558.631
300051.SZ,2018-10-26,5.67,5.78,5.67,5.76,5.66,0.09999999999999964,1.77,24268.26,13910.683
300051.SZ,2018-10-29,5.78,5.84,5.62,5.69,5.76,-0.0699999999999994,-1.22,22159.03,12674.162
300051.SZ,2018-10-30,5.71,5.9,5.56,5.78,5.69,0.08999999999999986,1.58,25114.35,14429.505
300051.SZ,2018-10-31,5.78,5.9,5.76,5.82,5.78,0.040000000000000036,0.69,30741.01,17947.282
300051.SZ,2018-11-01,5.85,6.1,5.85,5.94,5.82,0.1200000000000001,2.06,62525.06,37377.759
300051.SZ,2018-11-02,5.99,6.12,5.98,6.08,5.94,0.13999999999999968,2.36,54527.02,33075.046
300051.SZ,2018-11-05,6.16,6.19,6.0,6.09,6.08,0.009999999999999787,0.16,55803.09,33998.298
300051.SZ,2018-11-06,6.12,6.13,5.92,6.08,6.09,-0.009999999999999787,-0.16,37265.05,22423.686
300051.SZ,2018-11-07,6.08,6.35,6.08,6.14,6.08,0.05999999999999961,0.99,73960.01,45937.264
300051.SZ,2018-11-08,6.16,6.17,6.02,6.09,6.14,-0.04999999999999982,-0.81,45707.59,27948.213
300051.SZ,2018-11-09,6.05,6.12,6.01,6.04,6.09,-0.04999999999999982,-0.82,27729.02,16835.783
300051.SZ,2018-11-12,6.09,6.24,6.05,6.23,6.04,0.1900000000000004,3.15,46561.52,28773.218
300051.SZ,2018-11-13,6.15,6.76,6.14,6.5,6.23,0.2699999999999996,4.33,124009.09,80512.963
300051.SZ,2018-11-14,6.47,6.56,6.38,6.44,6.5,-0.05999999999999961,-0.92,66094.08,42776.814
300051.SZ,2018-11-15,6.43,6.75,6.41,6.7,6.44,0.2599999999999998,4.04,99490.77,65979.86
300051.SZ,2018-11-16,6.72,6.98,6.6,6.86,6.7,0.16000000000000014,2.39,117182.48,79433.974
300051.SZ,2018-11-19,6.82,6.89,6.6,6.8,6.86,-0.0600000000000005,-0.87,88609.85,59531.221
300051.SZ,2018-11-20,6.7,6.86,6.51,6.55,6.8,-0.25,-3.68,50921.78,33971.581
300051.SZ,2018-11-21,6.5,6.72,6.43,6.68,6.55,0.1299999999999999,1.98,53416.97,35309.243
300051.SZ,2018-11-22,6.79,6.79,6.63,6.68,6.68,0.0,0.0,44487.11,29806.27
300051.SZ,2018-11-23,6.61,6.7,6.15,6.19,6.68,-0.4899999999999993,-7.34,63484.0,40333.963
300051.SZ,2018-11-26,6.28,6.42,6.19,6.31,6.19,0.11999999999999922,1.94,54446.0,34481.848
300051.SZ,2018-11-27,6.32,6.94,6.32,6.7,6.31,0.39000000000000057,6.18,178328.18,120970.791
300051.SZ,2018-11-28,6.57,7.01,6.56,6.95,6.7,0.25,3.73,217788.56,148444.87
300051.SZ,2018-11-29,6.83,6.89,6.45,6.49,6.95,-0.45999999999999996,-6.62,137060.07,91753.799
300051.SZ,2018-11-30,6.45,6.63,6.22,6.48,6.49,-0.009999999999999787,-0.15,77959.01,50289.463
300051.SZ,2018-12-03,6.62,6.79,6.62,6.71,6.48,0.22999999999999954,3.55,83826.22,56262.167
300051.SZ,2018-12-04,6.81,7.05,6.72,6.9,6.71,0.1900000000000004,2.83,137815.55,95187.8
300051.SZ,2018-12-05,6.7,6.86,6.66,6.79,6.9,-0.11000000000000032,-1.59,79716.8,53871.677
300051.SZ,2018-12-06,6.8,6.84,6.6,6.62,6.79,-0.16999999999999993,-2.5,58560.0,39299.898
300051.SZ,2018-12-07,6.64,6.77,6.62,6.66,6.62,0.040000000000000036,0.6,46252.18,30997.31
300051.SZ,2018-12-10,6.59,6.59,6.41,6.43,6.66,-0.23000000000000043,-3.45,51260.0,33267.435
300051.SZ,2018-12-11,6.44,6.58,6.44,6.57,6.43,0.14000000000000057,2.18,42514.72,27730.959
300051.SZ,2018-12-12,6.56,6.6,6.42,6.48,6.57,-0.08999999999999986,-1.37,41764.89,27099.931
300051.SZ,2018-12-13,6.48,6.58,6.38,6.49,6.48,0.009999999999999787,0.15,49556.24,32163.575
300051.SZ,2018-12-14,6.51,6.51,6.19,6.19,6.49,-0.2999999999999998,-4.62,49712.78,31486.083
300051.SZ,2018-12-17,6.16,6.22,6.06,6.18,6.19,-0.010000000000000675,-0.16,32239.89,19797.817
300051.SZ,2018-12-18,6.14,6.2,6.06,6.14,6.18,-0.040000000000000036,-0.65,22116.01,13556.219
300051.SZ,2018-12-19,6.15,6.17,5.95,5.97,6.14,-0.16999999999999993,-2.77,26728.58,16198.955
300051.SZ,2018-12-20,5.97,6.1,5.95,6.03,5.97,0.0600000000000005,1.01,28438.0,17125.949
300051.SZ,2018-12-21,6.03,6.35,6.0,6.15,6.03,0.1200000000000001,1.99,50349.16,31182.542
300051.SZ,2018-12-24,6.16,6.24,6.09,6.18,6.15,0.02999999999999936,0.49,28580.02,17615.822
300051.SZ,2018-12-25,6.12,6.12,5.6,5.99,6.18,-0.1899999999999995,-3.07,55898.85,32969.283
300051.SZ,2018-12-26,5.99,6.12,5.94,6.01,5.99,0.019999999999999574,0.33,28530.0,17146.824
300051.SZ,2018-12-27,6.12,6.15,5.87,5.87,6.01,-0.13999999999999968,-2.33,26806.0,16181.888
300051.SZ,2018-12-28,5.9,6.09,5.87,5.89,5.87,0.019999999999999574,0.34,19850.0,11811.763
300051.SZ,2019-01-02,5.89,6.0,5.89,5.96,5.89,0.07000000000000028,1.19,14415.01,8572.9
300051.SZ,2019-01-03,5.95,6.07,5.94,5.99,5.96,0.03000000000000025,0.5,21382.0,12845.909
300051.SZ,2019-01-04,5.87,6.2,5.85,6.2,5.99,0.20999999999999996,3.51,44129.0,26893.927
300051.SZ,2019-01-07,6.22,6.32,6.17,6.32,6.2,0.1200000000000001,1.94,37395.0,23431.877
300051.SZ,2019-01-08,6.28,6.36,6.23,6.3,6.32,-0.020000000000000462,-0.32,35453.01,22273.296
300051.SZ,2019-01-09,6.33,6.47,6.29,6.31,6.3,0.009999999999999787,0.16,49793.13,31778.512
300051.SZ,2019-01-10,6.33,6.44,6.27,6.32,6.31,0.010000000000000675,0.16,34486.0,21946.258
300051.SZ,2019-01-11,6.32,6.49,6.32,6.44,6.32,0.1200000000000001,1.9,44496.0,28552.101
300051.SZ,2019-01-14,6.42,6.44,6.33,6.34,6.44,-0.10000000000000053,-1.55,27556.05,17538.22
300051.SZ,2019-01-15,6.31,6.52,6.31,6.51,6.34,0.16999999999999993,2.68,44742.89,28885.712
300051.SZ,2019-01-16,6.55,6.65,6.46,6.51,6.51,0.0,0.0,45974.01,30160.004
300051.SZ,2019-01-17,6.52,6.53,6.33,6.36,6.51,-0.14999999999999947,-2.3,37339.89,23926.618
300051.SZ,2019-01-18,6.36,6.47,6.36,6.41,6.36,0.04999999999999982,0.79,31559.78,20247.749
300051.SZ,2019-01-21,6.43,6.53,6.36,6.42,6.41,0.009999999999999787,0.16,24034.32,15477.096
300051.SZ,2019-01-22,6.39,6.44,6.27,6.28,6.42,-0.13999999999999968,-2.18,22899.64,14527.659
300051.SZ,2019-01-23,6.32,6.37,6.22,6.25,6.28,-0.03000000000000025,-0.48,21487.0,13474.158
300051.SZ,2019-01-24,6.23,6.43,6.2,6.36,6.25,0.11000000000000032,1.76,30236.02,19133.126
300051.SZ,2019-01-25,6.39,6.4,6.16,6.18,6.36,-0.1800000000000006,-2.83,35445.0,22227.035
300051.SZ,2019-01-28,6.23,6.35,5.98,5.98,6.18,-0.1999999999999993,-3.24,40021.0,24475.543
300051.SZ,2019-01-29,5.94,6.01,5.66,5.83,5.98,-0.15000000000000036,-2.51,35468.25,20656.98
300051.SZ,2019-01-30,5.76,5.89,5.7,5.71,5.83,-0.1200000000000001,-2.06,23588.5,13640.781
300051.SZ,2019-01-31,5.18,5.31,5.14,5.14,5.71,-0.5700000000000003,-9.98,68553.03,35386.965
300051.SZ,2019-02-01,5.13,5.3,5.05,5.26,5.14,0.1200000000000001,2.33,60264.06,31213.211
300051.SZ,2019-02-11,5.28,5.42,5.25,5.41,5.26,0.15000000000000036,2.85,37867.0,20260.78
300051.SZ,2019-02-12,5.45,5.55,5.38,5.49,5.41,0.08000000000000007,1.48,48143.48,26369.134
300051.SZ,2019-02-13,5.54,5.71,5.47,5.66,5.49,0.16999999999999993,3.1,57322.23,32157.414
300051.SZ,2019-02-14,5.66,5.77,5.63,5.7,5.66,0.040000000000000036,0.71,41528.12,23609.459
300051.SZ,2019-02-15,5.69,5.74,5.63,5.66,5.7,-0.040000000000000036,-0.7,47393.12,26941.372
300051.SZ,2019-02-18,5.66,5.91,5.66,5.89,5.66,0.22999999999999954,4.06,49349.1,28676.716
300051.SZ,2019-02-19,5.87,6.11,5.84,5.96,5.89,0.07000000000000028,1.19,82474.65,49153.47
300051.SZ,2019-02-20,5.94,6.0,5.83,5.96,5.96,0.0,0.0,48288.22,28626.091
300051.SZ,2019-02-21,6.0,6.14,5.94,5.99,5.96,0.03000000000000025,0.5,80948.67,48939.473
300051.SZ,2019-02-22,5.92,6.22,5.92,6.22,5.99,0.22999999999999954,3.84,91110.11,55897.449
300051.SZ,2019-02-25,6.25,6.58,6.25,6.53,6.22,0.3100000000000005,4.98,150760.79,96914.485
300051.SZ,2019-02-26,6.59,6.63,6.38,6.45,6.53,-0.08000000000000007,-1.23,145923.05,94972.507
300051.SZ,2019-02-27,6.45,6.59,6.29,6.39,6.45,-0.0600000000000005,-0.93,102398.4,66149.4
300051.SZ,2019-02-28,6.4,6.54,6.37,6.45,6.39,0.0600000000000005,0.94,89592.0,57783.321
300051.SZ,2019-03-01,6.45,6.51,6.31,6.45,6.45,0.0,0.0,67938.6,43488.321
300051.SZ,2019-03-04,6.49,6.72,6.48,6.55,6.45,0.09999999999999964,1.55,124607.04,82068.719
300051.SZ,2019-03-05,6.53,6.91,6.51,6.86,6.55,0.3100000000000005,4.73,171096.51,115739.876
300051.SZ,2019-03-06,6.97,7.55,6.91,7.55,6.86,0.6899999999999995,10.06,82576.03,60568.504
300051.SZ,2019-03-07,8.08,8.08,7.56,7.77,7.55,0.21999999999999975,2.91,384947.06,301657.372
300051.SZ,2019-03-08,7.6,8.29,7.23,7.4,7.77,-0.3699999999999992,-4.76,322497.35,249417.261
300051.SZ,2019-03-11,7.48,7.86,7.33,7.78,7.4,0.3799999999999999,5.14,241638.83,185208.2
300051.SZ,2019-03-12,7.82,8.18,7.72,8.11,7.78,0.3299999999999992,4.24,242797.16,192903.103
300051.SZ,2019-03-13,8.0,8.13,7.33,7.58,8.11,-0.5299999999999994,-6.54,210509.15,163217.044
300051.SZ,2019-03-14,7.42,7.57,6.89,7.01,7.58,-0.5700000000000003,-7.52,156754.29,112794.594
300051.SZ,2019-03-15,7.09,7.29,6.97,7.05,7.01,0.040000000000000036,0.57,128787.37,91602.656
300051.SZ,2019-03-18,7.05,7.24,7.03,7.24,7.05,0.1900000000000004,2.7,85746.0,61331.302
300051.SZ,2019-03-19,7.28,7.39,7.12,7.2,7.24,-0.040000000000000036,-0.55,99356.64,72061.181
300051.SZ,2019-03-20,7.23,7.28,7.03,7.27,7.2,0.0699999999999994,0.97,102113.87,73355.91
300051.SZ,2019-03-21,7.27,7.57,7.2,7.48,7.27,0.21000000000000085,2.89,157933.82,117303.545
300051.SZ,2019-03-22,7.48,7.48,7.21,7.39,7.48,-0.09000000000000075,-1.2,91877.31,67570.484
300051.SZ,2019-03-25,7.16,7.78,7.11,7.37,7.39,-0.019999999999999574,-0.27,155829.94,115734.547
300051.SZ,2019-03-26,7.3,7.55,6.91,6.96,7.37,-0.41000000000000014,-5.56,129280.49,93723.484
300051.SZ,2019-03-27,7.04,7.1,6.85,7.09,6.96,0.1299999999999999,1.87,87691.39,61317.082
300051.SZ,2019-03-28,7.03,7.2,6.78,6.79,7.09,-0.2999999999999998,-4.23,94963.28,66517.929
300051.SZ,2019-03-29,6.87,7.16,6.75,7.05,6.79,0.2599999999999998,3.83,124610.28,87098.04
300051.SZ,2019-04-01,7.32,7.53,7.32,7.43,7.05,0.3799999999999999,5.39,135367.02,100405.348
300051.SZ,2019-04-02,7.49,8.1,7.42,7.8,7.43,0.3700000000000001,4.98,328633.11,255408.3
300051.SZ,2019-04-03,8.3,8.58,8.3,8.58,7.8,0.7800000000000002,10.0,143903.71,123189.22
300051.SZ,2019-04-04,8.58,8.7,8.11,8.13,8.58,-0.4499999999999993,-5.24,428793.44,358188.005
300051.SZ,2019-04-08,7.94,7.97,7.51,7.64,8.13,-0.4900000000000011,-6.03,236845.73,183109.209
300051.SZ,2019-04-09,7.61,7.94,7.52,7.85,7.64,0.20999999999999996,2.75,197763.23,152962.298
300051.SZ,2019-04-10,7.6,7.76,7.52,7.59,7.85,-0.2599999999999998,-3.31,132541.11,101082.269
300051.SZ,2019-04-11,7.54,7.62,7.32,7.33,7.59,-0.2599999999999998,-3.43,93108.57,69639.154
300051.SZ,2019-04-12,7.34,7.53,7.34,7.53,7.33,0.20000000000000018,2.73,74531.28,55503.476
300051.SZ,2019-04-15,7.62,7.68,7.34,7.36,7.53,-0.16999999999999993,-2.26,72959.92,55167.405
300051.SZ,2019-04-16,7.26,7.56,7.17,7.55,7.36,0.1899999999999995,2.58,96802.82,71460.594
300051.SZ,2019-04-17,7.55,7.65,7.42,7.54,7.55,-0.009999999999999787,-0.13,85797.8,64671.04
300051.SZ,2019-04-18,7.57,7.67,7.43,7.61,7.54,0.07000000000000028,0.93,105291.32,79874.111
300051.SZ,2019-04-19,7.51,7.58,7.27,7.58,7.61,-0.03000000000000025,-0.39,109459.31,81216.504
300051.SZ,2019-04-22,7.55,7.58,7.3,7.32,7.58,-0.2599999999999998,-3.43,80461.01,59657.355
300051.SZ,2019-04-23,7.25,7.35,7.11,7.19,7.32,-0.1299999999999999,-1.78,58510.02,42339.992
300051.SZ,2019-04-24,7.24,7.37,7.1,7.34,7.19,0.14999999999999947,2.09,57059.01,41410.656
300051.SZ,2019-04-25,7.29,8.07,7.25,8.07,7.34,0.7300000000000004,9.95,509716.27,403238.249
300051.SZ,2019-04-26,8.15,8.88,7.85,8.88,8.07,0.8100000000000005,10.04,680873.24,581963.961
300051.SZ,2019-04-29,9.29,9.68,7.99,7.99,8.88,-0.8900000000000006,-10.02,616939.0,541504.594
300051.SZ,2019-04-30,7.26,7.65,7.19,7.19,7.99,-0.7999999999999998,-10.01,354107.22,260270.153
300051.SZ,2019-05-06,6.66,6.68,6.47,6.47,7.19,-0.7200000000000006,-10.01,204806.0,133066.062
300051.SZ,2019-05-07,6.4,6.65,6.12,6.43,6.47,-0.040000000000000036,-0.62,243605.59,155759.995
300051.SZ,2019-05-08,6.2,6.77,6.15,6.51,6.43,0.08000000000000007,1.24,226902.32,147573.717
300051.SZ,2019-05-09,6.33,6.52,6.25,6.25,6.51,-0.2599999999999998,-3.99,136779.22,87396.212
300051.SZ,2019-05-10,6.36,6.77,6.12,6.59,6.25,0.33999999999999986,5.44,204044.07,132782.708
300051.SZ,2019-05-13,6.54,6.73,6.5,6.63,6.59,0.040000000000000036,0.61,155680.36,103053.391
300051.SZ,2019-05-14,6.54,6.9,6.45,6.79,6.63,0.16000000000000014,2.41,196865.21,133138.32
300051.SZ,2019-05-15,6.86,7.05,6.7,6.92,6.79,0.1299999999999999,1.91,190604.41,130593.38
300051.SZ,2019-05-16,6.8,6.94,6.75,6.84,6.92,-0.08000000000000007,-1.16,139174.6,94867.757
300051.SZ,2019-05-17,6.91,7.0,6.24,6.37,6.84,-0.46999999999999975,-6.87,184990.95,123748.719
300051.SZ,2019-05-20,6.45,6.55,6.3,6.49,6.37,0.1200000000000001,1.88,116030.96,74971.12
300051.SZ,2019-05-21,6.45,6.73,6.41,6.69,6.49,0.20000000000000018,3.08,117104.01,77481.556
300051.SZ,2019-05-22,6.65,7.07,6.6,6.93,6.69,0.23999999999999932,3.59,190814.74,130780.955
300051.SZ,2019-05-23,6.93,6.97,6.52,6.57,6.93,-0.35999999999999943,-5.19,137337.61,91352.731
300051.SZ,2019-05-24,6.48,6.7,6.41,6.5,6.57,-0.07000000000000028,-1.07,72214.62,47166.625
300051.SZ,2019-05-27,6.55,6.83,6.44,6.8,6.5,0.2999999999999998,4.62,104004.27,69317.579
300051.SZ,2019-05-28,6.79,6.85,6.67,6.78,6.8,-0.019999999999999574,-0.29,103433.24,69988.5
300051.SZ,2019-05-29,6.77,6.85,6.68,6.72,6.78,-0.0600000000000005,-0.88,83144.26,56320.446
300051.SZ,2019-05-30,6.67,6.71,6.45,6.56,6.72,-0.16000000000000014,-2.38,79859.01,52184.389
300051.SZ,2019-05-31,6.56,6.64,6.47,6.51,6.56,-0.04999999999999982,-0.76,62618.0,41081.072
300051.SZ,2019-06-03,6.52,6.56,6.2,6.27,6.51,-0.2400000000000002,-3.69,70096.82,44427.926
300051.SZ,2019-06-04,6.28,6.4,6.15,6.23,6.27,-0.03999999999999915,-0.64,60353.0,37873.82
300051.SZ,2019-06-05,6.4,6.4,6.22,6.26,6.23,0.02999999999999936,0.48,42186.0,26532.138
300051.SZ,2019-06-06,6.26,6.28,5.88,5.94,6.26,-0.3199999999999994,-5.11,72703.02,43593.577
300051.SZ,2019-06-10,5.94,6.11,5.94,6.11,5.94,0.16999999999999993,2.86,43624.09,26380.504
300051.SZ,2019-06-11,6.11,6.36,6.05,6.36,6.11,0.25,4.09,58764.88,36765.388
300051.SZ,2019-06-12,6.38,6.42,6.27,6.28,6.36,-0.08000000000000007,-1.26,57363.3,36320.49
300051.SZ,2019-06-13,6.28,6.47,6.25,6.43,6.28,0.14999999999999947,2.39,71731.82,46006.289
300051.SZ,2019-06-14,6.39,6.54,6.21,6.22,6.43,-0.20999999999999996,-3.27,59109.14,37602.413
300051.SZ,2019-06-17,6.27,6.39,6.2,6.35,6.22,0.1299999999999999,2.09,49205.0,30961.642
300051.SZ,2019-06-18,6.3,6.73,6.0,6.47,6.35,0.1200000000000001,1.89,105650.06,68184.362
300051.SZ,2019-06-19,6.64,6.75,6.45,6.59,6.47,0.1200000000000001,1.85,132723.59,87770.309
300051.SZ,2019-06-20,6.53,6.8,6.32,6.73,6.59,0.14000000000000057,2.12,166852.68,109836.157
300051.SZ,2019-06-21,7.4,7.4,6.93,7.4,6.73,0.6699999999999999,9.96,321145.04,233192.009
300051.SZ,2019-06-24,7.49,7.77,7.3,7.64,7.4,0.23999999999999932,3.24,440217.33,332533.143
300051.SZ,2019-06-25,7.27,7.37,6.89,7.07,7.64,-0.5699999999999994,-7.46,271784.73,193502.82
300051.SZ,2019-06-26,6.97,7.66,6.86,7.37,7.07,0.2999999999999998,4.24,250295.14,181834.279
300051.SZ,2019-06-27,7.6,7.76,7.2,7.32,7.37,-0.04999999999999982,-0.68,320353.82,240849.292
300051.SZ,2019-06-28,6.98,7.09,6.82,6.9,7.32,-0.41999999999999993,-5.74,203539.5,141261.467
300051.SZ,2019-07-01,7.02,7.22,6.99,7.1,6.9,0.1999999999999993,2.9,166147.72,117835.99
300051.SZ,2019-07-02,7.14,7.15,6.88,6.91,7.1,-0.1899999999999995,-2.68,125720.1,87588.733
300051.SZ,2019-07-03,6.88,6.97,6.81,6.84,6.91,-0.07000000000000028,-1.01,68864.18,47249.624
300051.SZ,2019-07-04,6.89,6.89,6.65,6.72,6.84,-0.1200000000000001,-1.75,78853.73,53241.796
300051.SZ,2019-07-05,6.74,6.77,6.62,6.77,6.72,0.04999999999999982,0.74,51766.92,34758.136
300051.SZ,2019-07-08,6.7,6.71,6.26,6.31,6.77,-0.45999999999999996,-6.79,98184.1,62817.57
300051.SZ,2019-07-09,6.32,6.44,6.27,6.4,6.31,0.09000000000000075,1.43,56878.2,36179.834
300051.SZ,2019-07-10,6.39,6.56,6.38,6.52,6.4,0.11999999999999922,1.87,76907.0,49830.623
300051.SZ,2019-07-11,6.47,6.58,6.37,6.38,6.52,-0.13999999999999968,-2.15,46657.0,30227.051
300051.SZ,2019-07-12,6.41,6.5,6.27,6.48,6.38,0.10000000000000053,1.57,39501.2,25469.12
300051.SZ,2019-07-15,6.39,6.56,6.21,6.48,6.48,0.0,0.0,58877.0,37777.601
300051.SZ,2019-07-16,6.43,6.52,6.4,6.41,6.48,-0.07000000000000028,-1.08,40234.84,25977.406
300051.SZ,2019-07-17,6.45,6.53,6.34,6.47,6.41,0.05999999999999961,0.94,37678.02,24379.293
300051.SZ,2019-07-18,6.47,6.47,6.3,6.31,6.47,-0.16000000000000014,-2.47,41231.11,26198.233
300051.SZ,2019-07-19,6.33,6.5,6.33,6.41,6.31,0.10000000000000053,1.58,36692.56,23587.566
300051.SZ,2019-07-22,6.35,6.41,6.13,6.15,6.41,-0.2599999999999998,-4.06,49419.02,30695.302
300051.SZ,2019-07-23,6.17,6.28,6.17,6.28,6.15,0.1299999999999999,2.11,27545.78,17188.052
300051.SZ,2019-07-24,6.32,6.44,6.28,6.36,6.28,0.08000000000000007,1.27,34452.46,21964.518
300051.SZ,2019-07-25,6.38,6.48,6.35,6.41,6.36,0.04999999999999982,0.79,40773.0,26174.583
300051.SZ,2019-07-26,6.38,6.48,6.32,6.46,6.41,0.04999999999999982,0.78,31124.89,20024.413
300051.SZ,2019-07-29,6.49,6.53,6.4,6.43,6.46,-0.03000000000000025,-0.46,30940.94,19935.519
300051.SZ,2019-07-30,6.43,6.62,6.43,6.48,6.43,0.05000000000000071,0.78,46350.43,30202.067
300051.SZ,2019-07-31,6.41,6.42,6.26,6.29,6.48,-0.1900000000000004,-2.93,59246.0,37402.357
300051.SZ,2019-08-01,6.25,6.39,6.2,6.34,6.29,0.04999999999999982,0.79,48573.94,30750.401
300051.SZ,2019-08-02,6.17,6.29,6.12,6.2,6.34,-0.13999999999999968,-2.21,44723.92,27693.516
300051.SZ,2019-08-05,6.18,6.28,6.06,6.09,6.2,-0.11000000000000032,-1.77,41241.71,25433.035
300051.SZ,2019-08-06,5.95,5.98,5.57,5.79,6.09,-0.2999999999999998,-4.93,64316.61,37075.651
300051.SZ,2019-08-07,5.82,5.85,5.66,5.67,5.79,-0.1200000000000001,-2.07,35695.1,20564.585
300051.SZ,2019-08-08,5.71,5.81,5.6,5.76,5.67,0.08999999999999986,1.59,40073.0,23042.828
300051.SZ,2019-08-09,5.78,5.87,5.62,5.64,5.76,-0.1200000000000001,-2.08,44075.42,25247.807
300051.SZ,2019-08-12,5.66,5.83,5.6,5.82,5.64,0.1800000000000006,3.19,31424.83,18028.944
300051.SZ,2019-08-13,5.8,5.8,5.68,5.71,5.82,-0.11000000000000032,-1.89,28586.05,16364.212
300051.SZ,2019-08-14,5.82,5.88,5.72,5.75,5.71,0.040000000000000036,0.7,32625.42,18892.533
300051.SZ,2019-08-15,5.62,5.82,5.61,5.8,5.75,0.04999999999999982,0.87,39241.0,22363.183
300051.SZ,2019-08-16,5.75,5.93,5.75,5.83,5.8,0.03000000000000025,0.52,37117.51,21723.64
300051.SZ,2019-08-19,5.86,6.1,5.86,6.07,5.83,0.2400000000000002,4.12,60228.0,36203.403
300051.SZ,2019-08-20,6.13,6.16,6.03,6.07,6.07,0.0,0.0,53493.09,32599.723
300051.SZ,2019-08-21,6.08,6.11,6.03,6.06,6.07,-0.010000000000000675,-0.16,30323.51,18412.984
300051.SZ,2019-08-22,6.1,6.3,6.05,6.14,6.06,0.08000000000000007,1.32,63593.6,39106.324
300051.SZ,2019-08-23,6.16,6.24,6.05,6.07,6.14,-0.0699999999999994,-1.14,47878.49,29362.346
300051.SZ,2019-08-26,6.0,6.13,5.91,6.08,6.07,0.009999999999999787,0.16,40997.0,24760.347
300051.SZ,2019-08-27,6.12,6.24,6.09,6.19,6.08,0.11000000000000032,1.81,52842.6,32676.431
300051.SZ,2019-08-28,6.18,6.3,6.16,6.2,6.19,0.009999999999999787,0.16,41711.04,25927.153
300051.SZ,2019-08-29,6.2,6.45,6.2,6.25,6.2,0.04999999999999982,0.81,80303.21,50782.044
300051.SZ,2019-08-30,6.34,6.34,6.07,6.13,6.25,-0.1200000000000001,-1.92,76838.86,47784.27
300051.SZ,2019-09-02,6.13,6.37,6.13,6.32,6.13,0.1900000000000004,3.1,73796.59,46420.671
300051.SZ,2019-09-03,6.29,6.38,6.29,6.37,6.32,0.04999999999999982,0.79,55683.4,35322.301
300051.SZ,2019-09-04,6.33,6.43,6.26,6.42,6.37,0.04999999999999982,0.78,55035.9,35111.091
300051.SZ,2019-09-05,6.46,6.65,6.43,6.54,6.42,0.1200000000000001,1.87,104801.31,68402.89
300051.SZ,2019-09-06,6.54,6.55,6.37,6.46,6.54,-0.08000000000000007,-1.22,83464.94,53916.37
300051.SZ,2019-09-09,6.51,6.82,6.43,6.69,6.46,0.23000000000000043,3.56,137301.19,90802.006
300051.SZ,2019-09-10,6.74,6.75,6.52,6.67,6.69,-0.020000000000000462,-0.3,94792.02,62730.892
300051.SZ,2019-09-11,6.59,6.83,6.59,6.6,6.67,-0.07000000000000028,-1.05,96767.01,64892.993
300051.SZ,2019-09-12,6.63,6.85,6.59,6.76,6.6,0.16000000000000014,2.42,129470.73,86945.643
300051.SZ,2019-09-16,6.76,7.07,6.72,6.92,6.76,0.16000000000000014,2.37,224076.16,154931.419
300051.SZ,2019-09-17,6.88,6.88,6.61,6.7,6.92,-0.21999999999999975,-3.18,136647.04,91896.84
300051.SZ,2019-09-18,6.69,7.37,6.67,7.37,6.7,0.6699999999999999,10.0,262426.37,191015.124
300051.SZ,2019-09-19,7.21,7.21,6.88,7.11,7.37,-0.2599999999999998,-3.53,384047.93,270930.144
300051.SZ,2019-09-20,6.95,7.22,6.93,6.95,7.11,-0.16000000000000014,-2.25,198918.51,139906.849
300051.SZ,2019-09-23,6.86,6.86,6.6,6.73,6.95,-0.21999999999999975,-3.17,141687.41,94879.144
300051.SZ,2019-09-24,6.74,6.95,6.67,6.75,6.73,0.019999999999999574,0.3,138773.52,94407.341
300051.SZ,2019-09-25,6.67,6.7,6.43,6.45,6.75,-0.2999999999999998,-4.44,134454.39,87822.065
300051.SZ,2019-09-26,6.47,6.54,6.1,6.13,6.45,-0.3200000000000003,-4.96,110181.28,69068.575
300051.SZ,2019-09-27,6.14,6.35,6.11,6.25,6.13,0.1200000000000001,1.96,77173.46,48278.493
300051.SZ,2019-09-30,6.24,6.4,6.17,6.24,6.25,-0.009999999999999787,-0.16,57009.65,35827.412
300051.SZ,2019-10-08,6.16,6.28,6.14,6.15,6.24,-0.08999999999999986,-1.44,47929.51,29739.827
300051.SZ,2019-10-09,6.11,6.21,6.04,6.21,6.15,0.05999999999999961,0.98,38924.93,23874.724
300051.SZ,2019-10-10,6.21,6.32,6.18,6.29,6.21,0.08000000000000007,1.29,50423.01,31568.706
300051.SZ,2019-10-11,6.38,6.65,6.26,6.46,6.29,0.16999999999999993,2.7,114522.53,73550.451
300051.SZ,2019-10-14,6.47,6.56,6.4,6.53,6.46,0.07000000000000028,1.08,99576.72,64657.313
300051.SZ,2019-10-15,6.41,6.45,6.28,6.32,6.53,-0.20999999999999996,-3.22,76801.72,48597.784
300051.SZ,2019-10-16,6.34,6.41,6.23,6.27,6.32,-0.05000000000000071,-0.79,51496.67,32523.341
300051.SZ,2019-10-17,6.2,6.38,6.2,6.35,6.27,0.08000000000000007,1.28,49087.09,31066.02
300051.SZ,2019-10-18,6.34,6.36,6.13,6.15,6.35,-0.1999999999999993,-3.15,52020.0,32375.451
300051.SZ,2019-10-21,6.32,6.66,6.16,6.37,6.15,0.21999999999999975,3.58,100019.0,63368.43
300051.SZ,2019-10-22,6.28,6.34,6.2,6.32,6.37,-0.04999999999999982,-0.78,74126.71,46352.506
300051.SZ,2019-10-23,6.29,6.41,6.22,6.36,6.32,0.040000000000000036,0.63,77711.9,49116.709
300051.SZ,2019-10-24,6.3,6.35,6.17,6.3,6.36,-0.0600000000000005,-0.94,53216.67,33426.272
300051.SZ,2019-10-25,6.33,6.37,6.24,6.35,6.3,0.04999999999999982,0.79,56822.55,35872.207
300051.SZ,2019-10-28,6.99,6.99,6.8,6.99,6.35,0.6400000000000006,10.08,276770.93,192729.506
300051.SZ,2019-10-29,7.0,7.15,6.6,6.6,6.99,-0.39000000000000057,-5.58,362641.91,250373.031
300051.SZ,2019-10-30,6.37,6.45,6.18,6.29,6.6,-0.3099999999999996,-4.7,204238.26,128603.191
300051.SZ,2019-10-31,6.21,6.26,5.92,6.0,6.29,-0.29000000000000004,-4.61,125386.32,76479.491
300051.SZ,2019-11-01,5.97,6.08,5.93,6.06,6.0,0.05999999999999961,1.0,55762.33,33642.619
300051.SZ,2019-11-04,6.05,6.17,6.03,6.05,6.06,-0.009999999999999787,-0.17,58257.02,35446.978
300051.SZ,2019-11-05,6.05,6.07,5.97,6.01,6.05,-0.040000000000000036,-0.66,42314.05,25431.267
300051.SZ,2019-11-06,5.99,6.01,5.85,5.91,6.01,-0.09999999999999964,-1.66,50601.01,29932.898
300051.SZ,2019-11-07,5.93,6.05,5.92,6.01,5.91,0.09999999999999964,1.69,43850.95,26308.513
300051.SZ,2019-11-08,6.03,6.11,5.97,5.99,6.01,-0.019999999999999574,-0.33,41996.95,25370.043
300051.SZ,2019-11-11,5.94,5.97,5.78,5.79,5.99,-0.20000000000000018,-3.34,40614.08,23725.792
300051.SZ,2019-11-12,5.8,5.88,5.78,5.88,5.79,0.08999999999999986,1.55,23453.95,13655.923
300051.SZ,2019-11-13,5.87,5.88,5.81,5.83,5.88,-0.04999999999999982,-0.85,18619.0,10866.396
300051.SZ,2019-11-14,5.85,5.97,5.81,5.95,5.83,0.1200000000000001,2.06,34014.0,20103.818
300051.SZ,2019-11-15,5.95,6.01,5.89,5.89,5.95,-0.0600000000000005,-1.01,27485.0,16301.107
300051.SZ,2019-11-18,5.83,5.92,5.8,5.91,5.89,0.020000000000000462,0.34,23325.36,13726.74
300051.SZ,2019-11-19,5.89,6.21,5.87,6.16,5.91,0.25,4.23,103314.51,63338.093
300051.SZ,2019-11-20,6.18,6.23,6.03,6.06,6.16,-0.10000000000000053,-1.62,66294.18,40582.717
300051.SZ,2019-11-21,6.01,6.1,5.99,6.08,6.06,0.020000000000000462,0.33,30725.66,18612.437
300051.SZ,2019-11-22,6.08,6.14,5.9,5.93,6.08,-0.15000000000000036,-2.47,49739.28,29828.778
300051.SZ,2019-11-25,5.98,5.98,5.81,5.86,5.93,-0.0699999999999994,-1.18,30999.0,18127.535
300051.SZ,2019-11-26,5.84,5.93,5.81,5.84,5.86,-0.020000000000000462,-0.34,23832.71,13948.061
300051.SZ,2019-11-27,5.87,5.87,5.75,5.77,5.84,-0.07000000000000028,-1.2,29943.0,17301.843
300051.SZ,2019-11-28,5.75,5.8,5.68,5.73,5.77,-0.03999999999999915,-0.69,25577.46,14651.925
300051.SZ,2019-11-29,5.73,5.75,5.67,5.73,5.73,0.0,0.0,19785.0,11280.656
300051.SZ,2019-12-02,5.74,5.86,5.72,5.79,5.73,0.05999999999999961,1.05,27535.02,15949.083
300051.SZ,2019-12-03,5.78,5.84,5.71,5.84,5.79,0.04999999999999982,0.86,18442.0,10642.653
300051.SZ,2019-12-04,5.82,5.84,5.75,5.83,5.84,-0.009999999999999787,-0.17,15094.02,8764.13
300051.SZ,2019-12-05,5.86,5.89,5.82,5.88,5.83,0.04999999999999982,0.86,24809.19,14561.816
300051.SZ,2019-12-06,5.87,5.99,5.85,5.96,5.88,0.08000000000000007,1.36,43706.92,25908.634
300051.SZ,2019-12-09,5.96,6.04,5.9,5.95,5.96,-0.009999999999999787,-0.17,29941.95,17869.079
300051.SZ,2019-12-10,5.93,6.05,5.93,6.03,5.95,0.08000000000000007,1.34,44974.71,26966.228
300051.SZ,2019-12-11,6.03,6.08,5.94,5.97,6.03,-0.0600000000000005,-1.0,35738.0,21460.924
300051.SZ,2019-12-12,5.95,6.05,5.94,5.96,5.97,-0.009999999999999787,-0.17,34447.3,20677.876
300051.SZ,2019-12-13,6.02,6.08,5.98,6.06,5.96,0.09999999999999964,1.68,42333.0,25527.836
300051.SZ,2019-12-16,6.09,6.13,6.03,6.13,6.06,0.07000000000000028,1.16,56258.05,34243.418
300051.SZ,2019-12-17,6.12,6.25,6.1,6.18,6.13,0.04999999999999982,0.82,74472.33,45950.973
300051.SZ,2019-12-18,6.15,6.36,6.14,6.27,6.18,0.08999999999999986,1.46,89681.32,56099.06
300051.SZ,2019-12-19,6.27,6.45,6.24,6.4,6.27,0.13000000000000078,2.07,84673.1,53924.206
300051.SZ,2019-12-20,6.4,6.42,6.24,6.25,6.4,-0.15000000000000036,-2.34,68788.23,43473.142
300051.SZ,2019-12-23,6.23,6.24,6.0,6.03,6.25,-0.21999999999999975,-3.52,61331.0,37558.453
300051.SZ,2019-12-24,6.04,6.2,6.04,6.18,6.03,0.14999999999999947,2.49,47739.02,29224.415
300051.SZ,2019-12-25,6.18,6.29,6.17,6.25,6.18,0.07000000000000028,1.13,43929.47,27384.673
300051.SZ,2019-12-26,6.24,6.27,6.16,6.26,6.25,0.009999999999999787,0.16,41552.83,25795.116
300051.SZ,2019-12-27,6.3,6.34,6.16,6.19,6.26,-0.0699999999999994,-1.12,57971.3,36322.525
300051.SZ,2019-12-30,6.17,6.25,5.81,6.17,6.19,-0.020000000000000462,-0.32,59065.4,36133.104
300051.SZ,2019-12-31,6.18,6.32,6.15,6.21,6.17,0.040000000000000036,0.65,49164.07,30526.294
300051.SZ,2020-01-02,6.28,6.61,6.22,6.43,6.21,0.21999999999999975,3.54,158821.01,102200.999
300051.SZ,2020-01-03,6.5,6.65,6.4,6.52,6.43,0.08999999999999986,1.4,141718.02,92352.858
300051.SZ,2020-01-06,6.45,6.63,6.38,6.6,6.52,0.08000000000000007,1.23,120083.42,78369.275
300051.SZ,2020-01-07,6.59,6.8,6.5,6.73,6.6,0.13000000000000078,1.97,139998.57,93307.352
300051.SZ,2020-01-08,6.62,6.73,6.44,6.54,6.73,-0.1900000000000004,-2.82,97985.89,64362.454
300051.SZ,2020-01-09,6.61,6.88,6.54,6.81,6.54,0.2699999999999996,4.13,163905.45,109839.836
300051.SZ,2020-01-10,6.84,6.85,6.55,6.73,6.81,-0.07999999999999918,-1.17,138859.55,92645.276
300051.SZ,2020-01-13,6.96,6.96,6.6,6.72,6.73,-0.010000000000000675,-0.15,139586.44,93868.694
300051.SZ,2020-01-14,6.71,6.78,6.58,6.6,6.72,-0.1200000000000001,-1.79,84320.77,56015.836
300051.SZ,2020-01-15,6.58,6.6,6.46,6.53,6.6,-0.0699999999999994,-1.06,56404.03,36833.709
300051.SZ,2020-01-16,6.55,6.63,6.42,6.43,6.53,-0.10000000000000053,-1.53,57341.01,37291.437
300051.SZ,2020-01-17,6.47,6.55,6.4,6.45,6.43,0.020000000000000462,0.31,48839.05,31627.931
300051.SZ,2020-01-20,6.48,6.57,6.36,6.57,6.45,0.1200000000000001,1.86,56174.21,36372.25
300051.SZ,2020-01-21,6.55,6.55,6.35,6.35,6.57,-0.22000000000000064,-3.35,59503.69,38284.813
300051.SZ,2020-01-22,6.34,6.99,6.19,6.99,6.35,0.6400000000000006,10.08,117506.16,79579.278
300051.SZ,2020-01-23,7.69,7.69,7.69,7.69,6.99,0.7000000000000002,10.01,88613.05,68143.435
300051.SZ,2020-02-03,8.46,8.46,8.38,8.46,7.69,0.7700000000000005,10.01,625013.64,528677.826
300051.SZ,2020-02-04,9.31,9.31,9.31,9.31,8.46,0.8499999999999996,10.05,34263.86,31899.653
300051.SZ,2020-02-05,10.24,10.24,10.24,10.24,9.31,0.9299999999999997,9.99,11797.03,12080.158
300051.SZ,2020-02-06,11.26,11.26,11.26,11.26,10.24,1.0199999999999996,9.96,8545.68,9622.435
300051.SZ,2020-02-07,12.39,12.39,12.39,12.39,11.26,1.1300000000000008,10.04,45818.34,56768.923
300051.SZ,2020-02-10,13.63,13.63,13.01,13.63,12.39,1.2400000000000002,10.01,1057719.63,1439839.284
300051.SZ,2020-02-11,14.18,14.8,12.88,13.02,13.63,-0.6100000000000012,-4.48,1255445.83,1751219.841
300051.SZ,2020-02-12,13.53,14.32,13.15,14.32,13.02,1.3000000000000007,9.98,819298.29,1147048.396
300051.SZ,2020-02-13,15.02,15.75,13.54,13.83,14.32,-0.4900000000000002,-3.42,1356608.21,2016935.378
300051.SZ,2020-02-14,13.24,13.58,12.45,12.84,13.83,-0.9900000000000002,-7.16,997903.58,1285315.296
300051.SZ,2020-02-17,12.7,12.99,11.6,11.78,12.84,-1.0600000000000005,-8.26,872819.73,1048395.021
300051.SZ,2020-02-18,11.63,12.68,11.4,12.41,11.78,0.6300000000000008,5.35,1033184.33,1246945.414
300051.SZ,2020-02-19,11.9,11.92,11.17,11.17,12.41,-1.2400000000000002,-9.99,758745.86,858528.333
300051.SZ,2020-02-20,11.0,11.28,10.61,11.05,11.17,-0.11999999999999922,-1.07,530622.06,579617.988
300051.SZ,2020-02-21,10.47,11.38,10.31,10.99,11.05,-0.0600000000000005,-0.54,710391.43,768844.469
300051.SZ,2020-02-24,10.65,11.4,10.63,11.1,10.99,0.10999999999999943,1.0,600424.09,668383.068
300051.SZ,2020-02-25,10.7,12.12,10.55,11.84,11.1,0.7400000000000002,6.67,920325.89,1060471.373
300051.SZ,2020-02-26,11.41,11.64,10.66,10.66,11.84,-1.1799999999999997,-9.97,649106.69,720595.193
300051.SZ,2020-02-27,10.59,11.73,10.39,11.73,10.66,1.0700000000000003,10.04,601051.94,672901.082
300051.SZ,2020-02-28,11.01,12.35,11.0,11.29,11.73,-0.4400000000000013,-3.75,867986.27,1024883.691
300051.SZ,2020-03-02,10.38,11.1,10.16,10.69,11.29,-0.5999999999999996,-5.31,677853.81,710083.388
300051.SZ,2020-03-03,10.63,11.53,10.36,11.15,10.69,0.46000000000000085,4.3,609094.56,676273.015
300051.SZ,2020-03-04,10.78,12.27,10.65,12.27,11.15,1.1199999999999992,10.04,1015362.13,1223697.736
300051.SZ,2020-03-05,12.48,12.81,11.6,12.44,12.27,0.16999999999999993,1.39,1147774.14,1410553.099
300051.SZ,2020-03-06,11.7,12.2,11.28,11.38,12.44,-1.0599999999999987,-8.52,626033.37,738834.321
300051.SZ,2020-03-09,10.7,10.75,10.24,10.24,11.38,-1.1400000000000006,-10.02,536417.48,556968.63
300051.SZ,2020-03-10,9.81,10.29,9.35,10.27,10.24,0.02999999999999936,0.29,447067.76,438799.648
300051.SZ,2020-03-11,10.2,10.28,9.48,9.54,10.27,-0.7300000000000004,-7.11,367269.55,361719.097
300051.SZ,2020-03-12,9.64,9.87,9.25,9.54,9.54,0.0,0.0,274452.23,263839.939
300051.SZ,2020-03-13,8.94,9.36,8.65,9.2,9.54,-0.33999999999999986,-3.56,270667.09,245412.538
300051.SZ,2020-03-16,9.35,9.64,8.62,8.68,9.2,-0.5199999999999996,-5.65,260154.48,237633.6
300051.SZ,2020-03-17,8.8,8.99,8.16,8.99,8.68,0.3100000000000005,3.57,289218.73,251238.914
300051.SZ,2020-03-18,9.0,9.1,8.46,8.47,8.99,-0.5199999999999996,-5.78,264853.96,234184.685
300051.SZ,2020-03-19,8.64,9.1,8.46,8.94,8.47,0.46999999999999886,5.55,293802.96,257294.155
300051.SZ,2020-03-20,8.99,9.15,8.7,8.88,8.94,-0.05999999999999872,-0.67,226847.37,202364.911
300051.SZ,2020-03-23,8.49,8.8,8.27,8.32,8.88,-0.5600000000000005,-6.31,185526.5,158303.878
300051.SZ,2020-03-24,8.51,8.72,8.1,8.56,8.32,0.2400000000000002,2.88,235454.94,199011.387
300051.SZ,2020-03-25,8.78,8.78,8.49,8.63,8.56,0.07000000000000028,0.82,195863.73,169265.286
300051.SZ,2020-03-26,8.74,9.15,8.61,8.64,8.63,0.009999999999999787,0.12,262265.9,231423.607
300051.SZ,2020-03-27,8.57,8.75,8.22,8.28,8.64,-0.3600000000000012,-4.17,213609.61,180992.762
300051.SZ,2020-03-30,8.28,8.29,7.61,7.86,8.28,-0.41999999999999904,-5.07,196833.0,154646.496
300051.SZ,2020-03-31,7.98,8.15,7.72,7.75,7.86,-0.11000000000000032,-1.4,146959.0,116051.408
300051.SZ,2020-04-01,7.74,8.0,7.7,7.83,7.75,0.08000000000000007,1.03,156515.2,123170.762
300051.SZ,2020-04-02,7.77,8.07,7.75,8.06,7.83,0.23000000000000043,2.94,186402.86,147612.282
300051.SZ,2020-04-03,8.0,8.08,7.77,7.83,8.06,-0.23000000000000043,-2.85,170215.0,134357.151
300051.SZ,2020-04-07,8.0,8.61,7.93,8.61,7.83,0.7799999999999994,9.96,321117.35,265477.365
300051.SZ,2020-04-08,8.48,8.99,8.38,8.76,8.61,0.15000000000000036,1.74,484006.92,423693.81
300051.SZ,2020-04-09,8.61,9.64,8.61,9.64,8.76,0.8800000000000008,10.05,573808.48,532221.268
300051.SZ,2020-04-10,9.6,9.6,8.73,8.79,9.64,-0.8500000000000014,-8.82,511210.75,466326.521
300051.SZ,2020-04-13,8.36,8.73,8.05,8.52,8.79,-0.2699999999999996,-3.07,273191.15,231053.05
300051.SZ,2020-04-14,8.53,9.37,8.53,9.37,8.52,0.8499999999999996,9.98,453121.09,419233.414
300051.SZ,2020-04-15,9.09,9.32,8.9,9.09,9.37,-0.27999999999999936,-2.99,465465.6,424231.308
300051.SZ,2020-04-16,8.94,9.08,8.8,9.03,9.09,-0.0600000000000005,-0.66,284547.62,254734.597
300051.SZ,2020-04-17,9.07,9.47,8.81,8.81,9.03,-0.21999999999999886,-2.44,399103.84,364334.925
300051.SZ,2020-04-20,8.61,9.08,8.61,8.9,8.81,0.08999999999999986,1.02,229917.05,204140.033
300051.SZ,2020-04-21,8.84,8.89,8.62,8.75,8.9,-0.15000000000000036,-1.69,209344.65,182653.29
300051.SZ,2020-04-22,8.65,8.81,8.56,8.79,8.75,0.03999999999999915,0.46,185226.49,160808.732
300051.SZ,2020-04-23,8.8,8.84,8.13,8.24,8.79,-0.5499999999999989,-6.26,302961.04,254264.527
300051.SZ,2020-04-24,8.21,8.33,7.84,7.91,8.24,-0.33000000000000007,-4.0,171957.01,138373.562
300051.SZ,2020-04-27,7.86,7.88,7.41,7.44,7.91,-0.46999999999999975,-5.94,170449.12,129739.404
300051.SZ,2020-04-28,7.19,7.49,6.81,7.34,7.44,-0.10000000000000053,-1.34,181306.59,130404.524
300051.SZ,2020-04-29,7.29,7.4,7.05,7.06,7.34,-0.28000000000000025,-3.81,138448.96,99441.9
300051.SZ,2020-04-30,7.18,7.48,7.18,7.35,7.06,0.29000000000000004,4.11,146772.51,107821.183
300051.SZ,2020-05-06,7.25,7.62,7.22,7.55,7.35,0.20000000000000018,2.72,152823.11,113915.627
300051.SZ,2020-05-07,7.57,7.74,7.43,7.47,7.55,-0.08000000000000007,-1.06,119900.0,90054.95
300051.SZ,2020-05-08,7.52,7.74,7.5,7.64,7.47,0.16999999999999993,2.28,146219.47,111831.706
300051.SZ,2020-05-11,7.64,7.83,7.6,7.79,7.64,0.15000000000000036,1.96,141353.01,108864.339
300051.SZ,2020-05-12,7.75,7.75,7.5,7.71,7.79,-0.08000000000000007,-1.03,104865.0,80000.463
300051.SZ,2020-05-13,7.61,7.77,7.57,7.69,7.71,-0.019999999999999574,-0.26,93937.01,72105.774
300051.SZ,2020-05-14,7.66,7.79,7.55,7.66,7.69,-0.03000000000000025,-0.39,100342.03,77186.9
300051.SZ,2020-05-15,7.71,7.8,7.59,7.67,7.66,0.009999999999999787,0.13,115879.05,89141.16
300051.SZ,2020-05-18,7.62,7.73,7.28,7.53,7.67,-0.13999999999999968,-1.83,157574.12,118603.511
300051.SZ,2020-05-19,7.62,7.68,7.4,7.47,7.53,-0.0600000000000005,-0.8,89844.11,67358.008
300051.SZ,2020-05-20,7.49,7.67,7.25,7.27,7.47,-0.20000000000000018,-2.68,148275.06,109448.964
300051.SZ,2020-05-21,7.19,7.27,7.0,7.03,7.27,-0.23999999999999932,-3.3,111975.07,79780.541
300051.SZ,2020-05-22,7.05,7.1,6.8,6.8,7.03,-0.23000000000000043,-3.27,82497.9,57132.551
300051.SZ,2020-05-25,6.7,6.93,6.68,6.72,6.8,-0.08000000000000007,-1.18,65201.09,44175.666
300051.SZ,2020-05-26,6.75,7.09,6.72,6.96,6.72,0.2400000000000002,3.57,119474.61,83073.17
300051.SZ,2020-05-27,7.01,7.03,6.88,6.94,6.96,-0.019999999999999574,-0.29,73660.0,51232.984
300051.SZ,2020-05-28,6.92,6.96,6.69,6.89,6.94,-0.05000000000000071,-0.72,84151.97,57410.316
300051.SZ,2020-05-29,6.89,7.19,6.85,7.03,6.89,0.14000000000000057,2.03,110865.02,78202.167
300051.SZ,2020-06-01,7.04,7.5,7.03,7.4,7.03,0.3700000000000001,5.26,180909.06,131861.464
300051.SZ,2020-06-02,7.43,7.53,7.35,7.38,7.4,-0.020000000000000462,-0.27,147014.0,109165.455
300051.SZ,2020-06-03,7.39,7.58,7.34,7.37,7.38,-0.009999999999999787,-0.14,112049.03,83473.2
300051.SZ,2020-06-04,7.37,7.48,7.23,7.25,7.37,-0.1200000000000001,-1.63,99729.01,73039.992
300051.SZ,2020-06-05,7.33,7.33,7.14,7.25,7.25,0.0,0.0,81091.0,58723.699
300051.SZ,2020-06-08,7.32,7.38,7.13,7.19,7.25,-0.05999999999999961,-0.83,80992.0,58724.492
300051.SZ,2020-06-09,7.2,7.38,7.13,7.38,7.19,0.1899999999999995,2.64,127254.0,92532.235
300051.SZ,2020-06-10,7.36,7.46,7.11,7.12,7.38,-0.2599999999999998,-3.52,134120.0,97150.869
300051.SZ,2020-06-11,7.12,7.82,7.01,7.39,7.12,0.2699999999999996,3.79,273542.05,204379.065
300051.SZ,2020-06-12,7.15,7.49,7.1,7.46,7.39,0.07000000000000028,0.95,173680.28,127084.964
300051.SZ,2020-06-15,7.53,7.72,7.4,7.67,7.46,0.20999999999999996,2.82,236690.03,179392.278
300051.SZ,2020-06-16,7.69,8.35,7.4,8.1,7.67,0.4299999999999997,5.61,453067.93,354588.03
300051.SZ,2020-06-17,8.19,8.5,7.91,8.43,8.1,0.33000000000000007,4.07,451965.56,371066.801
300051.SZ,2020-06-18,8.22,8.32,7.91,7.92,8.43,-0.5099999999999998,-6.05,295211.31,238808.42
300051.SZ,2020-06-19,7.84,7.92,7.66,7.75,7.92,-0.16999999999999993,-2.15,168129.31,130336.021
300051.SZ,2020-06-22,7.73,7.85,7.71,7.78,7.75,0.03000000000000025,0.39,116824.44,90862.649
300051.SZ,2020-06-23,7.74,7.96,7.55,7.96,7.78,0.17999999999999972,2.31,198884.13,155451.483
300051.SZ,2020-06-24,7.76,7.89,7.61,7.66,7.96,-0.2999999999999998,-3.77,128510.0,99624.535
300051.SZ,2020-06-29,7.61,7.65,7.37,7.39,7.66,-0.27000000000000046,-3.52,104014.0,77981.259
300051.SZ,2020-06-30,7.61,8.11,7.61,7.84,7.39,0.4500000000000002,6.09,254531.19,200444.3
300051.SZ,2020-07-01,7.76,8.07,7.75,7.79,7.84,-0.04999999999999982,-0.64,214813.03,169683.814
300051.SZ,2020-07-02,7.8,8.03,7.57,7.97,7.79,0.17999999999999972,2.31,213009.77,167608.559
300051.SZ,2020-07-03,7.94,7.97,7.81,7.94,7.97,-0.02999999999999936,-0.38,164444.02,129832.326
300051.SZ,2020-07-06,7.91,8.26,7.91,8.2,7.94,0.2599999999999989,3.27,257164.83,208800.05
300051.SZ,2020-07-07,8.4,8.43,8.01,8.16,8.2,-0.03999999999999915,-0.49,340531.42,279905.741
300051.SZ,2020-07-08,8.07,8.63,8.06,8.54,8.16,0.379999999999999,4.66,354817.71,296785.821
300051.SZ,2020-07-09,8.58,9.3,8.38,9.14,8.54,0.6000000000000014,7.03,436191.62,381596.233
300051.SZ,2020-07-10,8.96,9.08,8.6,8.71,9.14,-0.4299999999999997,-4.7,303394.7,268291.516
300051.SZ,2020-07-13,8.64,8.96,8.6,8.85,8.71,0.1399999999999988,1.61,235271.96,207329.019
300051.SZ,2020-07-14,8.9,8.9,8.37,8.54,8.85,-0.3100000000000005,-3.5,242616.75,208850.829
300051.SZ,2020-07-15,8.56,8.61,8.13,8.13,8.54,-0.40999999999999837,-4.8,167462.74,138659.08
300051.SZ,2020-07-16,8.12,8.26,7.69,7.73,8.13,-0.40000000000000036,-4.92,138485.97,111049.12
300051.SZ,2020-07-17,7.76,7.9,7.67,7.85,7.73,0.11999999999999922,1.55,86899.47,67696.866
300051.SZ,2020-07-20,7.93,8.06,7.82,8.06,7.85,0.21000000000000085,2.68,80422.47,64003.172
300051.SZ,2020-07-21,8.11,8.13,7.9,7.95,8.06,-0.11000000000000032,-1.36,81046.53,64685.85
300051.SZ,2020-07-22,7.97,8.13,7.85,8.04,7.95,0.08999999999999897,1.13,117779.05,94348.257
300051.SZ,2020-07-23,7.93,7.95,7.57,7.75,8.04,-0.28999999999999915,-3.61,123055.01,95384.681
300051.SZ,2020-07-24,7.73,7.86,7.25,7.25,7.75,-0.5,-6.45,120587.08,90703.105
300051.SZ,2020-07-27,7.33,7.44,7.23,7.29,7.25,0.040000000000000036,0.55,54204.05,39589.718
300051.SZ,2020-07-28,7.36,7.54,7.31,7.41,7.29,0.1200000000000001,1.65,55940.01,41449.834
300051.SZ,2020-07-29,7.16,7.44,7.04,7.43,7.41,0.019999999999999574,0.27,126216.87,91446.27
300051.SZ,2020-07-30,7.34,7.55,7.17,7.2,7.43,-0.22999999999999954,-3.1,116484.0,84784.614
300051.SZ,2020-07-31,7.19,7.41,7.08,7.31,7.2,0.10999999999999943,1.53,102396.02,74735.44
300051.SZ,2020-08-03,7.32,7.56,7.3,7.53,7.31,0.22000000000000064,3.01,120179.73,89976.798
300051.SZ,2020-08-04,7.56,7.77,7.47,7.59,7.53,0.05999999999999961,0.8,144759.69,110672.463
300051.SZ,2020-08-05,7.5,7.8,7.49,7.66,7.59,0.07000000000000028,0.92,111671.0,85639.132
300051.SZ,2020-08-06,7.59,7.69,7.4,7.62,7.66,-0.040000000000000036,-0.52,114634.72,86330.285
300051.SZ,2020-08-07,7.6,7.7,7.29,7.33,7.62,-0.29000000000000004,-3.81,90673.19,67432.552
300051.SZ,2020-08-10,7.33,7.6,7.25,7.49,7.33,0.16000000000000014,2.18,70008.58,52304.636
300051.SZ,2020-08-11,7.42,7.52,7.17,7.19,7.49,-0.2999999999999998,-4.01,94980.0,69475.613
300051.SZ,2020-08-12,7.19,7.25,7.04,7.19,7.19,0.0,0.0,77506.29,55259.829
300051.SZ,2020-08-13,7.19,7.3,7.19,7.21,7.19,0.019999999999999574,0.28,56576.01,40965.997
300051.SZ,2020-08-14,7.19,7.29,7.16,7.25,7.21,0.040000000000000036,0.55,53233.0,38507.918
300051.SZ,2020-08-17,7.3,7.45,7.26,7.44,7.25,0.1900000000000004,2.62,82012.0,60721.308
300051.SZ,2020-08-18,7.4,7.53,7.38,7.47,7.44,0.02999999999999936,0.4,65960.0,49125.195
300051.SZ,2020-08-19,7.44,7.48,7.31,7.31,7.47,-0.16000000000000014,-2.14,62547.83,46089.909
300051.SZ,2020-08-20,7.27,7.4,7.17,7.27,7.31,-0.040000000000000036,-0.55,56908.39,41579.403
300051.SZ,2020-08-21,7.27,7.39,7.05,7.1,7.27,-0.16999999999999993,-2.34,97029.01,69967.909
300051.SZ,2020-08-24,7.07,7.1,6.26,6.85,7.1,-0.25,-3.52,165979.0,111908.579
300051.SZ,2020-08-25,6.87,7.92,6.75,7.78,6.85,0.9300000000000006,13.58,374147.24,277596.712
300051.SZ,2020-08-26,7.76,8.12,7.47,7.96,7.78,0.17999999999999972,2.31,415168.52,325085.865
300051.SZ,2020-08-27,7.79,8.3,7.53,8.03,7.96,0.0699999999999994,0.88,334898.49,266945.326
300051.SZ,2020-08-28,7.91,8.08,7.71,7.84,8.03,-0.1899999999999995,-2.37,198752.41,156086.589
300051.SZ,2020-08-31,7.82,8.02,7.6,7.64,7.84,-0.20000000000000018,-2.55,165002.54,128577.157
300051.SZ,2020-09-01,7.58,7.89,7.44,7.89,7.64,0.25,3.27,183165.4,141683.352
300051.SZ,2020-09-02,8.0,8.51,7.93,8.37,7.89,0.47999999999999954,6.08,433201.48,357790.097
300051.SZ,2020-09-03,8.21,8.86,8.06,8.47,8.37,0.10000000000000142,1.19,403679.72,338094.373
300051.SZ,2020-09-04,8.09,9.0,8.0,8.76,8.47,0.28999999999999915,3.42,453870.72,390020.454
300051.SZ,2020-09-07,8.74,9.3,8.56,8.79,8.76,0.02999999999999936,0.34,512460.57,458606.033
300051.SZ,2020-09-08,8.76,10.37,8.3,9.86,8.79,1.0700000000000003,12.17,677883.0,626119.495
300051.SZ,2020-09-09,9.45,10.1,8.5,8.73,9.86,-1.129999999999999,-11.46,623339.93,594630.264
300051.SZ,2020-09-10,8.56,8.72,7.02,7.14,8.73,-1.5900000000000007,-18.21,452437.55,349853.404
300051.SZ,2020-09-11,7.0,7.41,6.8,7.27,7.14,0.1299999999999999,1.82,209239.67,151074.816
300051.SZ,2020-09-14,7.25,7.78,7.25,7.65,7.27,0.3800000000000008,5.23,236237.47,178487.152
300051.SZ,2020-09-15,7.62,7.97,7.51,7.57,7.65,-0.08000000000000007,-1.05,221281.69,171048.552
300051.SZ,2020-09-16,7.46,7.77,7.19,7.32,7.57,-0.25,-3.3,204293.01,151149.139
300051.SZ,2020-09-17,7.24,7.42,7.18,7.29,7.32,-0.03000000000000025,-0.41,157566.01,115191.186
300051.SZ,2020-09-18,7.31,7.36,7.08,7.25,7.29,-0.040000000000000036,-0.55,144338.95,104202.761
300051.SZ,2020-09-21,7.3,7.35,7.17,7.2,7.25,-0.04999999999999982,-0.69,109305.01,79119.158
300051.SZ,2020-09-22,7.1,7.23,7.0,7.03,7.2,-0.16999999999999993,-2.36,108855.02,77098.059
300051.SZ,2020-09-23,7.06,7.25,7.06,7.21,7.03,0.17999999999999972,2.56,98493.0,70321.823
300051.SZ,2020-09-24,7.14,7.16,6.81,6.81,7.21,-0.40000000000000036,-5.55,121537.0,84289.858
300051.SZ,2020-09-25,6.89,6.94,6.7,6.75,6.81,-0.05999999999999961,-0.88,77069.0,52382.224
300051.SZ,2020-09-28,6.8,6.85,6.55,6.55,6.75,-0.20000000000000018,-2.96,68640.6,45585.741
300051.SZ,2020-09-29,6.65,6.73,6.56,6.64,6.55,0.08999999999999986,1.37,58542.0,39004.806
300051.SZ,2020-09-30,6.66,6.74,6.6,6.67,6.64,0.03000000000000025,0.45,48059.0,32058.621
300051.SZ,2020-10-09,6.78,7.0,6.78,6.94,6.67,0.27000000000000046,4.05,76380.61,52837.83
300051.SZ,2020-10-12,6.97,7.22,6.97,7.17,6.94,0.22999999999999954,3.31,109353.04,77923.551
300051.SZ,2020-10-13,7.16,7.23,7.06,7.16,7.17,-0.009999999999999787,-0.14,105089.0,75062.978
300051.SZ,2020-10-14,7.18,7.18,6.96,6.96,7.16,-0.20000000000000018,-2.79,91859.01,64714.445
300051.SZ,2020-10-15,7.06,7.06,6.88,6.89,6.96,-0.07000000000000028,-1.01,57936.73,40203.75
300051.SZ,2020-10-16,6.9,6.95,6.84,6.93,6.89,0.040000000000000036,0.58,57340.01,39613.723
300051.SZ,2020-10-19,6.93,7.08,6.93,7.03,6.93,0.10000000000000053,1.44,64073.44,44987.546
300051.SZ,2020-10-20,6.98,7.3,6.96,7.27,7.03,0.23999999999999932,3.41,161523.01,116409.436
300051.SZ,2020-10-21,7.21,7.65,7.18,7.49,7.27,0.22000000000000064,3.03,256075.94,191012.464
300051.SZ,2020-10-22,7.45,7.75,7.4,7.54,7.49,0.04999999999999982,0.67,205634.61,155208.911
300051.SZ,2020-10-23,7.45,7.62,7.21,7.21,7.54,-0.33000000000000007,-4.38,147409.08,109436.223
300051.SZ,2020-10-26,7.16,7.46,7.13,7.31,7.21,0.09999999999999964,1.39,114310.12,83642.617
300051.SZ,2020-10-27,7.18,7.38,7.15,7.19,7.31,-0.11999999999999922,-1.64,99557.94,72143.735
300051.SZ,2020-10-28,7.19,7.45,7.04,7.42,7.19,0.22999999999999954,3.2,143634.87,104406.837
300051.SZ,2020-10-29,7.3,7.53,7.25,7.34,7.42,-0.08000000000000007,-1.08,122234.49,90204.818
300051.SZ,2020-10-30,7.36,7.38,6.86,6.95,7.34,-0.3899999999999997,-5.31,124665.0,89115.594
300051.SZ,2020-11-02,6.88,7.13,6.87,7.02,6.95,0.0699999999999994,1.01,73055.83,50987.748
300051.SZ,2020-11-03,6.94,7.48,6.93,7.37,7.02,0.35000000000000053,4.99,139430.66,101371.934
300051.SZ,2020-11-04,7.41,7.47,7.19,7.25,7.37,-0.1200000000000001,-1.63,78695.68,57249.459
300051.SZ,2020-11-05,7.36,7.4,7.13,7.33,7.25,0.08000000000000007,1.1,92728.01,67332.681
300051.SZ,2020-11-06,7.35,7.41,7.06,7.1,7.33,-0.23000000000000043,-3.14,98771.1,71291.131
300051.SZ,2020-11-09,7.08,7.36,7.06,7.32,7.1,0.22000000000000064,3.1,104171.34,75525.532
300051.SZ,2020-11-10,7.35,7.36,7.08,7.1,7.32,-0.22000000000000064,-3.01,87322.6,62589.707
300051.SZ,2020-11-11,7.05,7.07,6.6,6.62,7.1,-0.47999999999999954,-6.76,159929.44,107673.898
300051.SZ,2020-11-12,6.62,6.67,6.36,6.4,6.62,-0.21999999999999975,-3.32,122634.15,79217.577
300051.SZ,2020-11-13,6.35,6.5,6.32,6.49,6.4,0.08999999999999986,1.41,60832.16,39066.607
300051.SZ,2020-11-16,6.51,6.57,6.34,6.36,6.49,-0.1299999999999999,-2.0,70015.0,44714.668
300051.SZ,2020-11-17,6.36,6.39,6.08,6.14,6.36,-0.22000000000000064,-3.46,95814.08,58971.601
300051.SZ,2020-11-18,6.17,6.34,6.15,6.23,6.14,0.09000000000000075,1.47,62299.1,38787.909
300051.SZ,2020-11-19,6.21,6.28,6.15,6.26,6.23,0.02999999999999936,0.48,51604.3,32077.884
300051.SZ,2020-11-20,6.27,6.43,6.25,6.33,6.26,0.07000000000000028,1.12,70125.65,44304.5
300051.SZ,2020-11-23,6.28,6.3,6.12,6.21,6.33,-0.1200000000000001,-1.9,66878.0,41400.17
300051.SZ,2020-11-24,6.19,6.25,6.16,6.21,6.21,0.0,0.0,46628.84,28914.334
300051.SZ,2020-11-25,6.18,6.34,6.13,6.2,6.21,-0.009999999999999787,-0.16,70107.95,43682.292
300051.SZ,2020-11-26,6.18,6.22,6.11,6.12,6.2,-0.08000000000000007,-1.29,52399.94,32172.543
300051.SZ,2020-11-27,6.13,6.18,5.8,5.95,6.12,-0.16999999999999993,-2.78,100281.53,59672.773
300051.SZ,2020-11-30,5.92,6.25,5.87,6.11,5.95,0.16000000000000014,2.69,102197.05,62511.576
300051.SZ,2020-12-01,6.06,6.2,6.06,6.14,6.11,0.02999999999999936,0.49,61996.51,38084.651
300051.SZ,2020-12-02,6.2,6.25,6.09,6.18,6.14,0.040000000000000036,0.65,50723.68,31151.19
300051.SZ,2020-12-03,6.17,6.18,6.1,6.17,6.18,-0.009999999999999787,-0.16,46684.02,28697.583
300051.SZ,2020-12-04,6.17,6.17,6.11,6.12,6.17,-0.04999999999999982,-0.81,35671.0,21867.671
300051.SZ,2020-12-07,6.15,6.15,5.98,6.03,6.12,-0.08999999999999986,-1.47,51647.02,31215.831
300051.SZ,2020-12-08,6.1,6.12,6.01,6.02,6.03,-0.010000000000000675,-0.17,34507.0,20871.377
300051.SZ,2020-12-09,6.04,6.04,5.87,5.88,6.02,-0.13999999999999968,-2.33,46101.01,27280.866
300051.SZ,2020-12-10,5.84,5.95,5.83,5.89,5.88,0.009999999999999787,0.17,29092.0,17115.862
300051.SZ,2020-12-11,5.99,5.99,5.64,5.75,5.89,-0.13999999999999968,-2.38,53054.02,30524.749
300051.SZ,2020-12-14,5.65,5.82,5.63,5.78,5.75,0.03000000000000025,0.52,34714.91,19951.416
300051.SZ,2020-12-15,5.75,5.78,5.66,5.68,5.78,-0.10000000000000053,-1.73,29321.01,16730.909
300051.SZ,2020-12-16,5.66,5.68,5.42,5.48,5.68,-0.1999999999999993,-3.52,55989.0,30845.861
300051.SZ,2020-12-17,5.53,5.64,5.26,5.6,5.48,0.11999999999999922,2.19,72741.0,39714.446
300051.SZ,2020-12-18,5.62,5.78,5.47,5.49,5.6,-0.10999999999999943,-1.96,57536.0,32145.793
300051.SZ,2020-12-21,5.49,5.57,5.42,5.47,5.49,-0.020000000000000462,-0.36,32397.01,17800.6
300051.SZ,2020-12-22,5.47,5.47,5.32,5.38,5.47,-0.08999999999999986,-1.65,48226.03,25968.882
300051.SZ,2020-12-23,5.38,5.48,5.26,5.3,5.38,-0.08000000000000007,-1.49,52933.89,28310.438
300051.SZ,2020-12-24,5.26,5.31,5.08,5.09,5.3,-0.20999999999999996,-3.96,68899.88,35550.43
300051.SZ,2020-12-25,5.1,5.4,5.08,5.25,5.09,0.16000000000000014,3.14,66999.15,35180.348
300051.SZ,2020-12-28,5.24,5.25,5.09,5.11,5.25,-0.13999999999999968,-2.67,42428.93,21897.372
300051.SZ,2020-12-29,5.12,5.34,5.12,5.25,5.11,0.13999999999999968,2.74,62265.1,32758.016
300051.SZ,2020-12-30,5.29,5.29,5.18,5.22,5.25,-0.03000000000000025,-0.57,30769.0,16078.045
300051.SZ,2020-12-31,5.22,5.32,5.2,5.25,5.22,0.03000000000000025,0.57,38082.52,20025.022
300051.SZ,2021-01-04,5.37,5.37,5.17,5.22,5.25,-0.03000000000000025,-0.57,45599.09,23823.918
300051.SZ,2021-01-05,5.18,5.2,5.02,5.02,5.22,-0.20000000000000018,-3.83,78797.8,40008.2
300051.SZ,2021-01-06,5.01,5.02,4.66,4.69,5.02,-0.3299999999999992,-6.57,124634.49,59107.754
300051.SZ,2021-01-07,4.68,4.71,4.35,4.45,4.69,-0.2400000000000002,-5.12,115460.45,51829.498
300051.SZ,2021-01-08,4.47,4.66,4.23,4.53,4.45,0.08000000000000007,1.8,92876.15,41693.71
300051.SZ,2021-01-11,4.52,4.61,4.38,4.41,4.53,-0.1200000000000001,-2.65,59661.5,26701.269
300051.SZ,2021-01-12,4.41,4.55,4.28,4.3,4.41,-0.11000000000000032,-2.49,55272.37,24301.522
300051.SZ,2021-01-13,4.27,4.31,4.15,4.17,4.3,-0.1299999999999999,-3.02,57865.51,24371.96
300051.SZ,2021-01-14,4.11,4.22,4.02,4.15,4.17,-0.019999999999999574,-0.48,56421.11,23365.271
300051.SZ,2021-01-15,4.11,4.4,4.11,4.35,4.15,0.1999999999999993,4.82,90352.78,38975.96
300051.SZ,2021-01-18,4.3,4.59,4.3,4.48,4.35,0.13000000000000078,2.99,69819.18,31312.913
300051.SZ,2021-01-19,4.47,4.68,4.44,4.63,4.48,0.14999999999999947,3.35,70229.64,32277.311
300051.SZ,2021-01-20,4.58,4.7,4.51,4.54,4.63,-0.08999999999999986,-1.94,47465.54,21641.66
300051.SZ,2021-01-21,4.51,4.66,4.49,4.55,4.54,0.009999999999999787,0.22,46010.0,21054.777
300051.SZ,2021-01-22,4.6,4.65,4.42,4.45,4.55,-0.09999999999999964,-2.2,45226.7,20295.278
300051.SZ,2021-01-25,4.45,4.45,4.24,4.25,4.45,-0.20000000000000018,-4.49,49344.01,21226.903
300051.SZ,2021-01-26,4.35,4.4,4.17,4.2,4.25,-0.04999999999999982,-1.18,41432.0,17671.451
300051.SZ,2021-01-27,4.15,4.45,4.15,4.34,4.2,0.13999999999999968,3.33,72780.0,31413.533
300051.SZ,2021-01-28,4.35,4.76,4.32,4.53,4.34,0.1900000000000004,4.38,143730.01,65948.932
300051.SZ,2021-01-29,4.17,4.75,4.17,4.7,4.53,0.16999999999999993,3.75,169956.81,76312.988
300051.SZ,2021-02-01,4.66,4.67,4.29,4.37,4.7,-0.33000000000000007,-7.02,132823.64,59463.55
300051.SZ,2021-02-02,4.29,4.51,4.21,4.3,4.37,-0.07000000000000028,-1.6,79774.57,34763.392
300051.SZ,2021-02-03,4.4,4.52,4.24,4.3,4.3,0.0,0.0,78483.01,34209.258
300051.SZ,2021-02-04,4.2,4.24,4.02,4.1,4.3,-0.20000000000000018,-4.65,71713.11,29454.068
300051.SZ,2021-02-05,4.1,4.33,4.08,4.11,4.1,0.010000000000000675,0.24,54604.1,22882.862
300051.SZ,2021-02-08,4.11,4.11,3.93,3.93,4.11,-0.18000000000000016,-4.38,57046.02,22914.52
300051.SZ,2021-02-09,3.93,4.11,3.76,3.98,3.93,0.04999999999999982,1.27,91012.02,35593.42
300051.SZ,2021-02-10,3.95,4.05,3.87,3.97,3.98,-0.009999999999999787,-0.25,49128.0,19437.754
300051.SZ,2021-02-18,3.96,4.19,3.96,4.15,3.97,0.18000000000000016,4.53,67781.51,28040.7
300051.SZ,2021-02-19,4.11,4.5,4.11,4.46,4.15,0.3099999999999996,7.47,108009.53,46752.761
300051.SZ,2021-02-22,4.47,4.64,4.45,4.45,4.46,-0.009999999999999787,-0.22,94277.0,42902.844
300051.SZ,2021-02-23,4.45,4.54,4.3,4.32,4.45,-0.1299999999999999,-2.92,57143.21,25041.074
300051.SZ,2021-02-24,4.35,4.58,4.33,4.55,4.32,0.22999999999999954,5.32,102472.0,46152.976
300051.SZ,2021-02-25,4.55,4.58,4.37,4.5,4.55,-0.04999999999999982,-1.1,75089.0,33409.487
300051.SZ,2021-02-26,4.45,4.75,4.38,4.69,4.5,0.1900000000000004,4.22,135993.96,62983.988
300051.SZ,2021-03-01,4.73,4.81,4.6,4.7,4.69,0.009999999999999787,0.21,96056.54,44942.981
300051.SZ,2021-03-02,4.71,4.74,4.51,4.56,4.7,-0.14000000000000057,-2.98,75103.0,34376.381
300051.SZ,2021-03-03,4.56,4.63,4.45,4.52,4.56,-0.040000000000000036,-0.88,64834.0,29168.921
300051.SZ,2021-03-04,4.49,4.61,4.45,4.47,4.52,-0.04999999999999982,-1.11,69510.0,31448.455
300051.SZ,2021-03-05,4.45,4.67,4.42,4.62,4.47,0.15000000000000036,3.36,90016.0,41295.483
300051.SZ,2021-03-08,4.63,4.71,4.51,4.54,4.62,-0.08000000000000007,-1.73,73851.0,33913.833
300051.SZ,2021-03-09,4.53,4.58,4.3,4.35,4.54,-0.1900000000000004,-4.19,62425.0,27511.941
300051.SZ,2021-03-10,4.44,4.48,4.16,4.17,4.35,-0.17999999999999972,-4.14,61024.2,25958.934
300051.SZ,2021-03-11,4.18,4.27,4.13,4.26,4.17,0.08999999999999986,2.16,52040.0,21849.55
300051.SZ,2021-03-12,4.27,4.28,4.16,4.17,4.26,-0.08999999999999986,-2.11,49714.0,20918.263
300051.SZ,2021-03-15,4.17,4.22,4.1,4.21,4.17,0.040000000000000036,0.96,34801.0,14535.304
300051.SZ,2021-03-16,4.21,4.38,4.18,4.37,4.21,0.16000000000000014,3.8,67602.15,29267.635
300051.SZ,2021-03-17,4.34,4.49,4.31,4.43,4.37,0.05999999999999961,1.37,52789.0,23357.714
300051.SZ,2021-03-18,4.43,4.45,4.24,4.29,4.43,-0.13999999999999968,-3.16,72456.01,31269.568
300051.SZ,2021-03-19,4.29,4.44,4.23,4.35,4.29,0.05999999999999961,1.4,67858.0,29642.513
300051.SZ,2021-03-22,4.39,4.5,4.33,4.48,4.35,0.13000000000000078,2.99,60228.0,26727.153
300051.SZ,2021-03-23,4.48,4.51,4.36,4.4,4.48,-0.08000000000000007,-1.79,42975.0,18948.991
300051.SZ,2021-03-24,4.38,4.45,4.3,4.31,4.4,-0.09000000000000075,-2.05,37411.0,16297.881
300051.SZ,2021-03-25,4.34,4.58,4.23,4.38,4.31,0.07000000000000028,1.62,73984.02,32740.056
300051.SZ,2021-03-26,4.36,4.41,4.32,4.37,4.38,-0.009999999999999787,-0.23,45241.02,19751.394
300051.SZ,2021-03-29,4.36,4.43,4.26,4.27,4.37,-0.10000000000000053,-2.29,47191.03,20394.514
300051.SZ,2021-03-30,4.21,4.26,4.06,4.07,4.27,-0.1999999999999993,-4.68,73694.31,30311.814
300051.SZ,2021-03-31,4.07,4.13,4.03,4.1,4.07,0.02999999999999936,0.74,32892.05,13432.993
300051.SZ,2021-04-01,4.09,4.09,4.01,4.03,4.1,-0.0699999999999994,-1.71,34931.0,14126.902
300051.SZ,2021-04-02,4.04,4.1,4.01,4.05,4.03,0.019999999999999574,0.5,33325.0,13521.81
300051.SZ,2021-04-06,4.07,4.25,4.07,4.21,4.05,0.16000000000000014,3.95,61699.0,25792.775
300051.SZ,2021-04-07,4.21,4.29,4.18,4.24,4.21,0.03000000000000025,0.71,40560.23,17178.355
300051.SZ,2021-04-08,4.27,4.29,4.15,4.16,4.24,-0.08000000000000007,-1.89,45844.0,19192.728
300051.SZ,2021-04-09,4.16,4.22,4.13,4.18,4.16,0.019999999999999574,0.48,27481.0,11482.525
300051.SZ,2021-04-12,4.18,4.23,4.1,4.11,4.18,-0.0699999999999994,-1.67,32521.0,13485.784
300051.SZ,2021-04-13,4.11,4.13,4.03,4.06,4.11,-0.05000000000000071,-1.22,31428.01,12772.425
300051.SZ,2021-04-14,4.05,4.14,4.0,4.08,4.06,0.020000000000000462,0.49,33501.67,13618.892
300051.SZ,2021-04-15,4.07,4.14,4.0,4.11,4.08,0.03000000000000025,0.74,42574.04,17406.175
300051.SZ,2021-04-16,4.11,4.3,4.07,4.27,4.11,0.15999999999999925,3.89,93788.1,39765.166
300051.SZ,2021-04-19,4.23,4.36,4.23,4.26,4.27,-0.009999999999999787,-0.23,57988.35,24818.087
300051.SZ,2021-04-20,4.24,4.33,4.24,4.3,4.26,0.040000000000000036,0.94,57567.58,24704.51
300051.SZ,2021-04-21,4.39,4.39,4.12,4.14,4.3,-0.16000000000000014,-3.72,75200.0,31706.037
300051.SZ,2021-04-22,4.19,4.37,4.15,4.25,4.14,0.11000000000000032,2.66,72755.06,30993.168
300051.SZ,2021-04-26,3.4,3.56,3.4,3.4,4.25,-0.8500000000000001,-20.0,80094.0,27276.054
300051.SZ,2021-04-27,3.2,3.27,3.07,3.1,3.4,-0.2999999999999998,-8.82,316636.17,98996.598
300051.SZ,2021-04-28,3.1,3.11,3.01,3.07,3.1,-0.03000000000000025,-0.97,148682.23,45576.663
300051.SZ,2021-04-29,3.06,3.16,3.05,3.13,3.07,0.06000000000000005,1.95,125542.71,39140.098
300051.SZ,2021-04-30,3.08,3.13,3.01,3.08,3.13,-0.04999999999999982,-1.6,111561.3,34168.796
300051.SZ,2021-05-06,3.07,3.1,2.99,3.04,3.08,-0.040000000000000036,-1.3,89018.2,27056.127
300051.SZ,2021-05-07,3.02,3.4,3.02,3.25,3.04,0.20999999999999996,6.91,222996.41,71634.444
300051.SZ,2021-05-10,3.2,3.49,3.15,3.38,3.25,0.1299999999999999,4.0,191592.18,64253.405
300051.SZ,2021-05-11,3.28,3.48,3.23,3.36,3.38,-0.020000000000000018,-0.59,155856.98,52106.593
300051.SZ,2021-05-12,3.32,3.44,3.26,3.32,3.36,-0.040000000000000036,-1.19,102154.67,34016.956
300051.SZ,2021-05-13,3.33,3.5,3.3,3.45,3.32,0.13000000000000034,3.92,141316.75,48480.636
300051.SZ,2021-05-14,3.41,3.61,3.41,3.47,3.45,0.020000000000000018,0.58,130251.03,45602.246
300051.SZ,2021-05-17,3.23,3.27,2.78,2.9,3.47,-0.5700000000000003,-16.43,147818.0,43589.912
300051.SZ,2021-05-18,2.93,3.02,2.9,2.96,2.9,0.06000000000000005,2.07,70221.0,20895.438
300051.SZ,2021-05-19,2.94,3.02,2.93,2.97,2.96,0.010000000000000231,0.34,46697.0,13898.184
300051.SZ,2021-05-20,2.96,2.99,2.87,2.9,2.97,-0.07000000000000028,-2.36,56284.06,16375.626
300051.SZ,2021-05-21,2.9,2.96,2.89,2.92,2.9,0.020000000000000018,0.69,44814.59,13138.991
300051.SZ,2021-05-24,2.94,3.05,2.9,3.0,2.92,0.08000000000000007,2.74,54067.58,16095.333
300051.SZ,2021-05-25,3.01,3.11,2.99,3.06,3.0,0.06000000000000005,2.0,51923.0,15844.112
300051.SZ,2021-05-26,3.02,3.07,3.0,3.05,3.06,-0.010000000000000231,-0.33,61106.11,18545.26
300051.SZ,2021-05-27,3.05,3.15,3.03,3.12,3.05,0.07000000000000028,2.3,54795.74,17037.036
300051.SZ,2021-05-28,3.13,3.24,3.08,3.2,3.12,0.08000000000000007,2.56,63908.69,20172.153
300051.SZ,2021-05-31,3.21,3.23,3.14,3.15,3.2,-0.050000000000000266,-1.56,46745.11,14831.568
300051.SZ,2021-06-01,3.11,3.24,3.11,3.21,3.15,0.06000000000000005,1.9,45152.1,14460.02
300051.SZ,2021-06-02,3.2,3.28,3.16,3.16,3.21,-0.04999999999999982,-1.56,48195.0,15503.849
300051.SZ,2021-06-03,3.24,3.24,3.14,3.16,3.16,0.0,0.0,44873.01,14319.08
300051.SZ,2021-06-04,3.19,3.21,3.14,3.15,3.16,-0.010000000000000231,-0.32,38330.0,12122.005
300051.SZ,2021-06-07,3.18,3.28,3.13,3.25,3.15,0.10000000000000009,3.17,59478.05,19146.586
300051.SZ,2021-06-08,3.25,3.38,3.24,3.36,3.25,0.10999999999999988,3.38,73470.0,24462.683
300051.SZ,2021-06-09,3.36,3.68,3.31,3.51,3.36,0.1499999999999999,4.46,149523.81,52793.585
300051.SZ,2021-06-10,3.55,3.56,3.4,3.46,3.51,-0.04999999999999982,-1.42,108604.72,37725.394
300051.SZ,2021-06-11,3.47,3.61,3.43,3.46,3.46,0.0,0.0,72407.0,25351.774
300051.SZ,2021-06-15,3.44,3.56,3.38,3.42,3.46,-0.040000000000000036,-1.16,61170.07,21147.39
300051.SZ,2021-06-16,3.41,3.52,3.38,3.4,3.42,-0.020000000000000018,-0.58,63226.05,21797.491
300051.SZ,2021-06-17,3.41,3.46,3.37,3.41,3.4,0.010000000000000231,0.29,48287.38,16438.188
300051.SZ,2021-06-18,3.41,3.41,3.31,3.37,3.41,-0.040000000000000036,-1.17,55768.01,18728.604
300051.SZ,2021-06-21,3.35,3.43,3.33,3.4,3.37,0.029999999999999805,0.89,39633.02,13421.098
300051.SZ,2021-06-22,3.42,3.48,3.38,3.4,3.4,0.0,0.0,60796.1,20778.796
300051.SZ,2021-06-23,3.38,3.42,3.37,3.39,3.4,-0.009999999999999787,-0.29,46851.0,15900.306
300051.SZ,2021-06-24,3.39,3.52,3.36,3.43,3.39,0.040000000000000036,1.18,107048.2,36858.241
300051.SZ,2021-06-25,3.44,3.57,3.4,3.52,3.43,0.08999999999999986,2.62,105725.4,36946.91
300051.SZ,2021-06-28,3.49,3.52,3.31,3.32,3.52,-0.20000000000000018,-5.68,129631.02,44078.544
300051.SZ,2021-06-29,3.3,3.34,3.22,3.25,3.32,-0.06999999999999984,-2.11,71722.41,23454.73
300051.SZ,2021-06-30,3.25,3.3,3.23,3.28,3.25,0.029999999999999805,0.92,41112.0,13432.706
300051.SZ,2021-07-01,3.28,3.37,3.18,3.19,3.28,-0.08999999999999986,-2.74,64217.0,21084.682
300051.SZ,2021-07-02,3.19,3.21,3.13,3.21,3.19,0.020000000000000018,0.63,45819.0,14548.797
300051.SZ,2021-07-05,3.23,3.37,3.21,3.36,3.21,0.1499999999999999,4.67,60458.08,20018.914
300051.SZ,2021-07-06,3.41,3.52,3.38,3.41,3.36,0.050000000000000266,1.49,102686.86,35366.066
300051.SZ,2021-07-07,3.4,3.61,3.34,3.52,3.41,0.10999999999999988,3.23,124968.83,43745.449
300051.SZ,2021-07-08,3.52,3.72,3.49,3.67,3.52,0.1499999999999999,4.26,143934.5,52030.19
300051.SZ,2021-07-09,3.65,3.81,3.6,3.63,3.67,-0.040000000000000036,-1.09,128838.62,47387.414
300051.SZ,2021-07-12,3.57,3.64,3.46,3.5,3.63,-0.1299999999999999,-3.58,127592.24,45163.011
300051.SZ,2021-07-13,3.52,3.64,3.51,3.61,3.5,0.10999999999999988,3.14,89762.73,32179.992
300051.SZ,2021-07-14,3.6,3.61,3.48,3.51,3.61,-0.10000000000000009,-2.77,68826.42,24394.506
300051.SZ,2021-07-15,3.52,3.53,3.39,3.46,3.51,-0.04999999999999982,-1.42,65458.21,22543.468
300051.SZ,2021-07-16,3.47,3.55,3.42,3.54,3.46,0.08000000000000007,2.31,59662.27,20911.523
300051.SZ,2021-07-19,3.51,3.53,3.43,3.49,3.54,-0.04999999999999982,-1.41,44246.0,15380.919
300051.SZ,2021-07-20,3.48,3.52,3.41,3.5,3.49,0.009999999999999787,0.29,43831.11,15166.317
300051.SZ,2021-07-21,3.49,3.57,3.49,3.52,3.5,0.020000000000000018,0.57,51264.13,18087.62
300051.SZ,2021-07-22,3.52,3.56,3.45,3.45,3.52,-0.06999999999999984,-1.99,57207.13,19921.189
300051.SZ,2021-07-23,3.43,3.45,3.32,3.35,3.45,-0.10000000000000009,-2.9,65263.15,21887.72
300051.SZ,2021-07-26,3.33,3.33,3.18,3.23,3.35,-0.1200000000000001,-3.58,63252.51,20422.616
300051.SZ,2021-07-27,3.23,3.26,3.16,3.17,3.23,-0.06000000000000005,-1.86,43366.12,13937.842
300051.SZ,2021-07-28,3.14,3.2,3.01,3.13,3.17,-0.040000000000000036,-1.26,46444.63,14521.754
300051.SZ,2021-07-29,3.14,3.24,3.14,3.23,3.13,0.10000000000000009,3.19,32476.64,10406.768
300051.SZ,2021-07-30,3.21,3.25,3.18,3.24,3.23,0.010000000000000231,0.31,34345.02,11062.602
300051.SZ,2021-08-02,3.28,3.48,3.27,3.34,3.24,0.09999999999999964,3.09,53086.0,17799.262
300051.SZ,2021-08-03,3.34,3.38,3.31,3.32,3.34,-0.020000000000000018,-0.6,35133.0,11756.049
300051.SZ,2021-08-04,3.3,3.3,3.23,3.29,3.32,-0.029999999999999805,-0.9,46867.0,15329.184
300051.SZ,2021-08-05,3.28,3.28,3.21,3.23,3.29,-0.06000000000000005,-1.82,35148.0,11365.959
300051.SZ,2021-08-06,3.25,3.25,3.13,3.15,3.23,-0.08000000000000007,-2.48,53380.0,16914.211
300051.SZ,2021-08-09,3.16,3.34,3.15,3.26,3.15,0.10999999999999988,3.49,49518.01,16018.517
300051.SZ,2021-08-10,3.28,3.36,3.25,3.34,3.26,0.08000000000000007,2.45,41947.0,13935.053
300051.SZ,2021-08-11,3.33,3.58,3.3,3.55,3.34,0.20999999999999996,6.29,136848.03,47436.847
300051.SZ,2021-08-12,3.55,3.55,3.42,3.45,3.55,-0.09999999999999964,-2.82,76250.51,26493.516
300051.SZ,2021-08-13,3.43,3.55,3.43,3.49,3.45,0.040000000000000036,1.16,58997.0,20669.134
300051.SZ,2021-08-16,3.51,3.56,3.42,3.51,3.49,0.019999999999999574,0.57,53040.0,18569.393
300051.SZ,2021-08-17,3.5,3.68,3.49,3.58,3.51,0.07000000000000028,1.99,116295.26,41740.392
300051.SZ,2021-08-18,3.58,3.79,3.58,3.69,3.58,0.10999999999999988,3.07,129663.25,48092.47
300051.SZ,2021-08-19,3.67,4.02,3.64,4.0,3.69,0.31000000000000005,8.4,187323.24,72615.236
300051.SZ,2021-08-20,3.9,4.01,3.76,3.9,4.0,-0.10000000000000009,-2.5,152589.32,59365.906
300051.SZ,2021-08-23,3.92,3.92,3.84,3.86,3.9,-0.040000000000000036,-1.03,81538.65,31626.494
300051.SZ,2021-08-24,3.77,3.78,3.51,3.58,3.86,-0.2799999999999998,-7.25,149122.72,53850.572
300051.SZ,2021-08-25,3.57,3.68,3.5,3.63,3.58,0.04999999999999982,1.4,68961.06,24956.789
300051.SZ,2021-08-26,3.63,3.69,3.52,3.52,3.63,-0.10999999999999988,-3.03,58593.54,20982.656
300051.SZ,2021-08-27,3.5,3.6,3.48,3.54,3.52,0.020000000000000018,0.57,36554.02,12964.683
300051.SZ,2021-08-30,3.55,3.65,3.52,3.62,3.54,0.08000000000000007,2.26,62433.66,22481.157
300051.SZ,2021-08-31,3.64,3.81,3.61,3.7,3.62,0.08000000000000007,2.21,56562.55,20966.331
300051.SZ,2021-09-01,3.77,3.77,3.55,3.64,3.7,-0.06000000000000005,-1.62,60577.13,21974.314
300051.SZ,2021-09-02,3.62,3.68,3.6,3.63,3.64,-0.010000000000000231,-0.27,36826.11,13414.596
300051.SZ,2021-09-03,3.65,3.65,3.55,3.58,3.63,-0.04999999999999982,-1.38,58474.65,21036.998
300051.SZ,2021-09-06,3.57,3.59,3.5,3.56,3.58,-0.020000000000000018,-0.56,52728.01,18616.812
300051.SZ,2021-09-07,3.56,3.61,3.55,3.58,3.56,0.020000000000000018,0.56,43093.11,15404.014
300051.SZ,2021-09-08,3.58,3.75,3.56,3.71,3.58,0.1299999999999999,3.63,78939.57,29005.596
300051.SZ,2021-09-09,3.68,3.69,3.64,3.66,3.71,-0.04999999999999982,-1.35,49858.17,18252.795
300051.SZ,2021-09-10,3.65,3.69,3.56,3.59,3.66,-0.07000000000000028,-1.91,51075.01,18445.085
300051.SZ,2021-09-13,3.58,3.82,3.57,3.74,3.59,0.15000000000000036,4.18,86024.59,31910.841
300051.SZ,2021-09-14,3.75,3.75,3.63,3.67,3.74,-0.07000000000000028,-1.87,49970.54,18428.168
300051.SZ,2021-09-15,3.67,3.84,3.64,3.81,3.67,0.14000000000000012,3.81,79735.12,30029.831
300051.SZ,2021-09-16,3.85,4.57,3.82,4.11,3.81,0.30000000000000027,7.87,369478.87,157918.594
300051.SZ,2021-09-17,4.13,4.33,4.01,4.27,4.11,0.15999999999999925,3.89,231184.47,97279.931
300051.SZ,2021-09-29,4.4,5.1,4.35,4.54,4.27,0.27000000000000046,6.32,330004.84,156184.396
300051.SZ,2021-09-30,4.48,4.8,4.2,4.34,4.54,-0.20000000000000018,-4.41,221666.75,100013.236
300051.SZ,2021-10-08,4.3,4.77,4.18,4.66,4.34,0.3200000000000003,7.37,173695.7,78431.676
300051.SZ,2021-10-11,4.62,5.26,4.62,5.01,4.66,0.34999999999999964,7.51,210012.26,105167.761
300051.SZ,2021-10-12,4.88,5.2,4.86,4.97,5.01,-0.040000000000000036,-0.8,153055.55,76534.739
300051.SZ,2021-10-13,5.04,5.23,4.77,4.89,4.97,-0.08000000000000007,-1.61,148837.73,73863.173
300051.SZ,2021-10-14,4.8,4.83,4.39,4.58,4.89,-0.3099999999999996,-6.34,146739.16,67838.696
300051.SZ,2021-10-15,4.55,4.88,4.52,4.54,4.58,-0.040000000000000036,-0.87,122291.18,57540.462
300051.SZ,2021-10-18,4.48,4.71,4.48,4.59,4.54,0.04999999999999982,1.1,88680.11,40570.421
300051.SZ,2021-10-19,4.64,4.64,4.35,4.42,4.59,-0.16999999999999993,-3.7,95943.08,42986.455
300051.SZ,2021-10-20,4.36,4.43,4.12,4.29,4.42,-0.1299999999999999,-2.94,125748.2,53220.459
300051.SZ,2021-10-21,4.28,4.29,4.16,4.21,4.29,-0.08000000000000007,-1.86,55753.03,23413.45
300051.SZ,2021-10-22,4.2,4.38,4.16,4.33,4.21,0.1200000000000001,2.85,69081.03,29642.218
300051.SZ,2021-10-25,4.36,4.42,4.23,4.31,4.33,-0.020000000000000462,-0.46,59141.0,25559.789
300051.SZ,2021-10-26,4.25,4.39,4.17,4.19,4.31,-0.11999999999999922,-2.78,67327.01,28620.33
300051.SZ,2021-10-27,4.14,4.23,3.95,3.99,4.19,-0.20000000000000018,-4.77,90733.0,36856.245
300051.SZ,2021-10-28,3.99,4.05,3.96,3.98,3.99,-0.010000000000000231,-0.25,42043.02,16817.656
300051.SZ,2021-10-29,4.0,4.25,4.0,4.19,3.98,0.2100000000000004,5.28,58308.04,24229.915
300051.SZ,2021-11-01,4.25,4.37,4.14,4.27,4.19,0.07999999999999918,1.91,61422.1,26144.633
300051.SZ,2021-11-02,4.21,4.31,4.16,4.24,4.27,-0.02999999999999936,-0.7,46465.64,19752.268
300051.SZ,2021-11-03,4.3,4.33,4.22,4.26,4.24,0.019999999999999574,0.47,35566.24,15192.749
300051.SZ,2021-11-04,4.26,4.28,4.1,4.18,4.26,-0.08000000000000007,-1.88,59658.08,24859.402
300051.SZ,2021-11-05,4.15,4.37,4.12,4.3,4.18,0.1200000000000001,2.87,60828.78,25946.982
300051.SZ,2021-11-08,4.32,4.35,4.21,4.35,4.3,0.04999999999999982,1.16,51260.71,21936.978
300051.SZ,2021-11-09,4.3,4.47,4.28,4.44,4.35,0.09000000000000075,2.07,53819.25,23536.519
300051.SZ,2021-11-10,4.43,4.71,4.35,4.65,4.44,0.20999999999999996,4.73,99886.14,45825.705
300051.SZ,2021-11-11,4.62,4.73,4.53,4.59,4.65,-0.0600000000000005,-1.29,67424.0,31143.167
300051.SZ,2021-11-12,4.64,4.67,4.53,4.64,4.59,0.04999999999999982,1.09,61813.7,28394.181
300051.SZ,2021-11-15,4.65,4.87,4.57,4.79,4.64,0.15000000000000036,3.23,74955.11,35505.58
300051.SZ,2021-11-16,4.8,4.9,4.7,4.73,4.79,-0.05999999999999961,-1.25,67364.12,32361.444
300051.SZ,2021-11-17,4.68,4.74,4.55,4.64,4.73,-0.09000000000000075,-1.9,69097.92,32060.977
300051.SZ,2021-11-18,4.58,4.63,4.35,4.4,4.64,-0.23999999999999932,-5.17,83220.0,37208.797
300051.SZ,2021-11-19,4.38,4.5,4.37,4.44,4.4,0.040000000000000036,0.91,28923.01,12872.349
300051.SZ,2021-11-22,4.45,4.48,4.41,4.44,4.44,0.0,0.0,26287.01,11654.341
300051.SZ,2021-11-23,4.44,4.47,4.41,4.43,4.44,-0.010000000000000675,-0.23,25565.0,11333.872
300051.SZ,2021-11-24,4.44,4.45,4.32,4.33,4.43,-0.09999999999999964,-2.26,37732.04,16470.778
300051.SZ,2021-11-25,4.36,4.39,4.27,4.31,4.33,-0.020000000000000462,-0.46,30734.0,13266.224
300051.SZ,2021-11-26,4.35,4.35,4.2,4.27,4.31,-0.040000000000000036,-0.93,23168.3,9875.801
300051.SZ,2021-11-29,4.19,4.3,4.18,4.28,4.27,0.010000000000000675,0.23,24114.0,10252.435
300051.SZ,2021-11-30,4.25,4.39,4.25,4.35,4.28,0.0699999999999994,1.64,30300.0,13161.861
300051.SZ,2021-12-01,4.38,4.41,4.3,4.37,4.35,0.020000000000000462,0.46,33680.01,14624.082
300051.SZ,2021-12-02,4.38,4.57,4.34,4.54,4.37,0.16999999999999993,3.89,71359.21,31881.306
300051.SZ,2021-12-03,4.6,4.6,4.43,4.49,4.54,-0.04999999999999982,-1.1,37369.71,16750.359
300051.SZ,2021-12-06,4.56,4.89,4.51,4.71,4.49,0.21999999999999975,4.9,135314.79,64200.63
300051.SZ,2021-12-07,4.75,4.91,4.62,4.73,4.71,0.020000000000000462,0.42,94412.99,45050.786
300051.SZ,2021-12-08,4.73,4.81,4.49,4.52,4.73,-0.21000000000000085,-4.44,84060.68,38659.773
300051.SZ,2021-12-09,4.53,4.56,4.44,4.47,4.52,-0.04999999999999982,-1.11,38730.0,17326.942
300051.SZ,2021-12-10,4.43,4.65,4.43,4.49,4.47,0.020000000000000462,0.45,37009.01,16782.553
300051.SZ,2021-12-13,4.48,4.6,4.48,4.48,4.49,-0.009999999999999787,-0.22,40212.0,18186.348
300051.SZ,2021-12-14,4.49,4.66,4.49,4.58,4.48,0.09999999999999964,2.23,42646.01,19515.907
300051.SZ,2021-12-15,4.59,4.63,4.55,4.59,4.58,0.009999999999999787,0.22,29436.01,13523.725
300051.SZ,2021-12-16,4.6,4.64,4.5,4.54,4.59,-0.04999999999999982,-1.09,33226.02,15105.486
300051.SZ,2021-12-17,4.55,4.55,4.44,4.45,4.54,-0.08999999999999986,-1.98,29741.12,13291.331
300051.SZ,2021-12-20,4.4,4.5,4.36,4.37,4.45,-0.08000000000000007,-1.8,33485.01,14794.36
300051.SZ,2021-12-21,4.4,4.44,4.36,4.44,4.37,0.07000000000000028,1.6,16158.65,7138.11
300051.SZ,2021-12-22,4.43,4.46,4.37,4.42,4.44,-0.020000000000000462,-0.45,34239.0,15109.806
300051.SZ,2021-12-23,4.41,4.45,4.32,4.35,4.42,-0.07000000000000028,-1.58,29569.0,12902.626
300051.SZ,2021-12-24,4.35,4.37,4.3,4.3,4.35,-0.04999999999999982,-1.15,21342.0,9226.742
300051.SZ,2021-12-27,4.35,4.64,4.3,4.5,4.3,0.20000000000000018,4.65,52347.11,23578.261
300051.SZ,2021-12-28,4.51,4.6,4.45,4.53,4.5,0.03000000000000025,0.67,26924.02,12208.234
300051.SZ,2021-12-29,4.51,4.58,4.47,4.48,4.53,-0.04999999999999982,-1.1,19840.03,8930.069
300051.SZ,2021-12-30,4.48,4.53,4.47,4.51,4.48,0.02999999999999936,0.67,22355.04,10062.405
300051.SZ,2021-12-31,4.51,4.53,4.46,4.49,4.51,-0.019999999999999574,-0.44,26223.0,11760.325
300051.SZ,2022-01-04,4.51,4.56,4.43,4.56,4.49,0.0699999999999994,1.56,36096.02,16253.205
300051.SZ,2022-01-05,4.56,4.73,4.53,4.7,4.56,0.14000000000000057,3.07,77274.16,35915.438
300051.SZ,2022-01-06,4.7,4.79,4.63,4.75,4.7,0.04999999999999982,1.06,54968.0,26075.356
300051.SZ,2022-01-07,4.76,4.98,4.66,4.7,4.75,-0.04999999999999982,-1.05,103400.26,50210.882
300051.SZ,2022-01-10,4.81,5.05,4.65,4.95,4.7,0.25,5.32,110313.67,54039.127
300051.SZ,2022-01-11,4.97,5.75,4.97,5.49,4.95,0.54,10.91,220415.87,119584.725
300051.SZ,2022-01-12,5.55,5.88,5.32,5.51,5.49,0.019999999999999574,0.36,166516.01,92651.231
300051.SZ,2022-01-13,5.43,5.65,5.35,5.5,5.51,-0.009999999999999787,-0.18,93233.0,51323.735
300051.SZ,2022-01-14,5.42,5.88,5.32,5.35,5.5,-0.15000000000000036,-2.73,89198.16,48731.084
300051.SZ,2022-01-17,5.28,5.39,5.09,5.12,5.35,-0.22999999999999954,-4.3,95863.86,49656.918
300051.SZ,2022-01-18,5.08,5.4,5.08,5.23,5.12,0.11000000000000032,2.15,66981.4,35352.465
300051.SZ,2022-01-19,5.2,5.48,5.16,5.42,5.23,0.1899999999999995,3.63,70349.86,37803.46
300051.SZ,2022-01-20,5.38,5.83,5.31,5.6,5.42,0.17999999999999972,3.32,122555.62,68763.62
300051.SZ,2022-01-21,5.61,5.63,5.36,5.49,5.6,-0.10999999999999943,-1.96,66175.02,36179.927
300051.SZ,2022-01-24,5.5,5.53,5.25,5.34,5.49,-0.15000000000000036,-2.73,58040.55,31035.117
300051.SZ,2022-01-25,5.3,5.36,5.0,5.0,5.34,-0.33999999999999986,-6.37,64273.0,33355.466
300051.SZ,2022-01-26,5.01,5.29,5.0,5.22,5.0,0.21999999999999975,4.4,44105.64,22918.872
300051.SZ,2022-01-27,5.2,5.43,5.01,5.12,5.22,-0.09999999999999964,-1.92,60704.0,31467.329
300051.SZ,2022-01-28,5.05,5.28,4.9,5.17,5.12,0.04999999999999982,0.98,49747.0,25395.628
300051.SZ,2022-02-07,5.25,5.33,5.15,5.17,5.17,0.0,0.0,32741.0,17010.696
300051.SZ,2022-02-08,5.16,5.25,5.11,5.22,5.17,0.04999999999999982,0.97,32811.15,16968.039
300051.SZ,2022-02-09,5.25,5.37,5.17,5.33,5.22,0.11000000000000032,2.11,39439.02,20766.936
300051.SZ,2022-02-10,5.33,5.44,5.29,5.35,5.33,0.019999999999999574,0.38,26500.02,14219.208
300051.SZ,2022-02-11,5.37,5.37,5.11,5.15,5.35,-0.1999999999999993,-3.74,48879.01,25346.058
300051.SZ,2022-02-14,5.16,5.17,5.08,5.12,5.15,-0.03000000000000025,-0.58,18138.03,9278.09
300051.SZ,2022-02-15,5.1,5.19,5.1,5.15,5.12,0.03000000000000025,0.59,12267.0,6308.925
300051.SZ,2022-02-16,5.16,5.19,5.12,5.16,5.15,0.009999999999999787,0.19,12333.0,6362.63
300051.SZ,2022-02-17,5.23,5.47,5.19,5.21,5.16,0.04999999999999982,0.97,41945.0,22240.898
300051.SZ,2022-02-18,5.21,5.35,5.16,5.33,5.21,0.1200000000000001,2.3,27607.0,14649.062
300051.SZ,2022-02-21,5.35,5.45,5.33,5.44,5.33,0.11000000000000032,2.06,33589.79,18169.363
300051.SZ,2022-02-22,5.39,5.55,5.33,5.54,5.44,0.09999999999999964,1.84,46629.65,25337.498
300051.SZ,2022-02-23,5.55,5.66,5.49,5.58,5.54,0.040000000000000036,0.72,36690.01,20500.477
300051.SZ,2022-02-24,5.55,5.58,5.28,5.34,5.58,-0.2400000000000002,-4.3,51770.62,28011.488
300051.SZ,2022-02-25,5.36,5.54,5.36,5.45,5.34,0.11000000000000032,2.06,28966.03,15793.167
300051.SZ,2022-02-28,5.41,5.48,5.38,5.45,5.45,0.0,0.0,23389.0,12701.425
300051.SZ,2022-03-01,5.49,5.49,5.38,5.4,5.45,-0.04999999999999982,-0.92,20402.0,11034.597
300051.SZ,2022-03-02,5.39,5.4,5.32,5.35,5.4,-0.05000000000000071,-0.93,17605.0,9417.068
300051.SZ,2022-03-03,5.33,5.39,5.33,5.34,5.35,-0.009999999999999787,-0.19,14222.0,7602.778
300051.SZ,2022-03-04,5.35,5.38,5.29,5.33,5.34,-0.009999999999999787,-0.19,15075.01,8057.578
300051.SZ,2022-03-07,5.33,5.34,5.22,5.28,5.33,-0.04999999999999982,-0.94,17786.0,9406.044
300051.SZ,2022-03-08,5.31,5.32,5.15,5.17,5.28,-0.11000000000000032,-2.08,25375.0,13197.09
300051.SZ,2022-03-09,5.2,5.22,4.7,4.94,5.17,-0.22999999999999954,-4.45,41691.0,20630.359
300051.SZ,2022-03-10,4.98,5.12,4.98,5.04,4.94,0.09999999999999964,2.02,25234.0,12769.87
300051.SZ,2022-03-11,5.03,5.12,4.93,5.03,5.04,-0.009999999999999787,-0.2,22469.0,11272.577
300051.SZ,2022-03-14,4.96,5.04,4.8,4.83,5.03,-0.20000000000000018,-3.98,37354.0,18292.804
300051.SZ,2022-03-15,4.88,4.97,4.7,4.71,4.83,-0.1200000000000001,-2.48,26689.0,12868.183
300051.SZ,2022-03-16,4.79,4.94,4.53,4.85,4.71,0.13999999999999968,2.97,40968.03,19350.207
300051.SZ,2022-03-17,4.89,5.03,4.86,4.9,4.85,0.05000000000000071,1.03,27781.96,13735.063
300051.SZ,2022-03-18,4.92,5.31,4.9,5.28,4.9,0.3799999999999999,7.76,49644.03,25535.783
300051.SZ,2022-03-21,5.3,5.57,5.3,5.37,5.28,0.08999999999999986,1.7,50287.02,27307.818
300051.SZ,2022-03-22,5.4,5.5,5.3,5.43,5.37,0.05999999999999961,1.12,32128.04,17414.562
300051.SZ,2022-03-23,5.45,5.5,5.34,5.37,5.43,-0.05999999999999961,-1.1,19679.04,10607.604
300051.SZ,2022-03-24,5.4,5.4,5.29,5.29,5.37,-0.08000000000000007,-1.49,15319.0,8143.824
300051.SZ,2022-03-25,5.33,5.38,5.28,5.36,5.29,0.07000000000000028,1.32,11423.0,6104.877
300051.SZ,2022-03-28,5.35,5.39,5.19,5.27,5.36,-0.09000000000000075,-1.68,21283.12,11241.07
300051.SZ,2022-03-29,5.29,5.34,5.21,5.22,5.27,-0.04999999999999982,-0.95,12241.0,6451.12
300051.SZ,2022-03-30,5.22,5.36,5.22,5.27,5.22,0.04999999999999982,0.96,21544.0,11382.244
300051.SZ,2022-03-31,5.28,5.35,5.28,5.29,5.27,0.020000000000000462,0.38,15533.02,8253.994
300051.SZ,2022-04-01,5.26,5.39,5.26,5.31,5.29,0.019999999999999574,0.38,20864.0,11123.624
300051.SZ,2022-04-06,5.3,5.4,5.3,5.4,5.31,0.09000000000000075,1.69,18537.02,9946.243
300051.SZ,2022-04-07,5.43,5.43,5.33,5.36,5.4,-0.040000000000000036,-0.74,17930.02,9627.969
300051.SZ,2022-04-08,5.35,5.58,5.33,5.51,5.36,0.14999999999999947,2.8,36987.65,20192.606
300051.SZ,2022-04-11,5.52,5.58,5.33,5.39,5.51,-0.1200000000000001,-2.18,34829.0,19113.582
300051.SZ,2022-04-12,5.39,5.53,5.36,5.46,5.39,0.07000000000000028,1.3,18809.01,10223.078
300051.SZ,2022-04-13,5.5,5.5,5.34,5.35,5.46,-0.11000000000000032,-2.01,19806.0,10655.005
300051.SZ,2022-04-14,5.35,5.36,5.04,5.08,5.35,-0.2699999999999996,-5.05,33001.0,17312.318
300051.SZ,2022-04-15,5.34,5.5,5.22,5.29,5.08,0.20999999999999996,4.13,72096.01,38671.42
300051.SZ,2022-04-18,5.3,5.33,5.11,5.31,5.29,0.019999999999999574,0.38,32354.01,17053.519
300051.SZ,2022-04-19,5.29,5.43,5.29,5.37,5.31,0.0600000000000005,1.13,25274.01,13546.673
300051.SZ,2022-04-20,5.34,5.41,5.26,5.27,5.37,-0.10000000000000053,-1.86,26585.01,14217.261
300051.SZ,2022-04-21,5.33,5.33,5.13,5.16,5.27,-0.10999999999999943,-2.09,29462.0,15386.97
300051.SZ,2022-04-22,5.23,5.3,5.13,5.28,5.16,0.1200000000000001,2.33,26422.24,13884.571
300051.SZ,2022-04-25,5.28,5.42,5.06,5.12,5.28,-0.16000000000000014,-3.03,52839.0,27838.106
300051.SZ,2022-04-26,5.03,5.12,4.87,5.0,5.12,-0.1200000000000001,-2.34,38412.12,19151.944
300051.SZ,2022-04-27,4.93,5.0,4.7,4.94,5.0,-0.05999999999999961,-1.2,43246.11,20989.754
300051.SZ,2022-04-28,4.94,5.04,4.81,4.82,4.94,-0.1200000000000001,-2.43,26449.0,12926.917
300051.SZ,2022-04-29,4.88,4.98,4.82,4.95,4.82,0.1299999999999999,2.7,22074.37,10862.937
300051.SZ,2022-05-05,4.83,4.9,4.73,4.81,4.95,-0.14000000000000057,-2.83,54009.01,25925.158
300051.SZ,2022-05-06,4.1,4.44,3.96,4.09,4.81,-0.7199999999999998,-14.97,139646.07,58162.598
300051.SZ,2022-05-09,4.08,4.6,4.08,4.5,4.09,0.41000000000000014,10.02,73795.29,32092.472
300051.SZ,2022-05-10,4.38,4.83,4.38,4.7,4.5,0.20000000000000018,4.44,57503.34,26950.535
300051.SZ,2022-05-11,4.7,4.82,4.66,4.76,4.7,0.05999999999999961,1.28,33852.03,16087.305
300051.SZ,2022-05-12,4.78,4.9,4.75,4.9,4.76,0.14000000000000057,2.94,24409.01,11785.185
300051.SZ,2022-05-13,4.87,5.25,4.87,5.2,4.9,0.2999999999999998,6.12,54499.4,27996.141
300051.SZ,2022-05-16,5.19,5.29,5.03,5.2,5.2,0.0,0.0,47591.73,24545.945
300051.SZ,2022-05-17,5.17,5.46,5.17,5.29,5.2,0.08999999999999986,1.73,53554.04,28656.664
300051.SZ,2022-05-18,5.3,5.42,5.22,5.27,5.29,-0.020000000000000462,-0.38,27271.0,14448.091
300051.SZ,2022-05-20,6.0,6.32,5.82,6.32,5.27,1.0500000000000007,19.92,129810.94,80559.223
300051.SZ,2022-05-23,6.78,7.28,5.92,6.35,6.32,0.02999999999999936,0.47,526497.91,339027.342
300051.SZ,2022-05-24,5.95,6.3,5.71,5.9,6.35,-0.4499999999999993,-7.09,281377.89,167659.912
300051.SZ,2022-05-25,5.76,6.1,5.55,5.91,5.9,0.009999999999999787,0.17,241283.39,139265.653
300051.SZ,2022-05-26,5.79,5.79,5.58,5.63,5.91,-0.28000000000000025,-4.74,165041.86,93563.157
300051.SZ,2022-05-27,5.55,5.69,5.46,5.46,5.63,-0.16999999999999993,-3.02,109739.79,60938.001
300051.SZ,2022-05-30,5.55,5.99,5.5,5.86,5.46,0.40000000000000036,7.33,188814.15,109421.929
300051.SZ,2022-05-31,5.82,5.91,5.63,5.67,5.86,-0.1900000000000004,-3.24,111713.07,63867.062
300051.SZ,2022-06-01,5.68,5.78,5.6,5.62,5.67,-0.04999999999999982,-0.88,77259.0,43664.217
300051.SZ,2022-06-02,5.61,5.7,5.49,5.69,5.62,0.07000000000000028,1.25,75423.0,42339.822
300051.SZ,2022-06-06,5.75,5.75,5.6,5.66,5.69,-0.03000000000000025,-0.53,58136.15,32888.82
300051.SZ,2022-06-07,5.6,5.69,5.51,5.6,5.66,-0.0600000000000005,-1.06,63236.36,35315.972
300051.SZ,2022-06-08,5.66,6.08,5.63,5.99,5.6,0.39000000000000057,6.96,200849.46,118930.857
300051.SZ,2022-06-09,5.92,6.15,5.79,6.0,5.99,0.009999999999999787,0.17,156936.5,93961.342
300051.SZ,2022-06-10,5.91,5.99,5.82,5.92,6.0,-0.08000000000000007,-1.33,88383.11,52061.235
300051.SZ,2022-06-13,5.81,5.85,5.64,5.7,5.92,-0.21999999999999975,-3.72,98164.33,56056.955
300051.SZ,2022-06-14,5.65,5.68,5.51,5.66,5.7,-0.040000000000000036,-0.7,72046.0,40348.05
300051.SZ,2022-06-15,5.66,5.69,5.55,5.55,5.66,-0.11000000000000032,-1.94,70415.1,39371.474
300051.SZ,2022-06-16,5.55,5.75,5.5,5.65,5.55,0.10000000000000053,1.8,71301.0,40223.182
300051.SZ,2022-06-17,5.65,5.86,5.6,5.66,5.65,0.009999999999999787,0.18,81359.88,46630.91
300051.SZ,2022-06-20,5.66,5.88,5.56,5.86,5.66,0.20000000000000018,3.53,95879.01,54870.123
300051.SZ,2022-06-21,5.83,5.85,5.66,5.7,5.86,-0.16000000000000014,-2.73,64826.0,37252.908
300051.SZ,2022-06-22,5.75,5.79,5.62,5.75,5.7,0.04999999999999982,0.88,47895.0,27385.923
300051.SZ,2022-06-23,5.75,5.76,5.63,5.69,5.75,-0.05999999999999961,-1.04,44120.0,25041.07
300051.SZ,2022-06-24,5.69,5.73,5.6,5.63,5.69,-0.0600000000000005,-1.05,40412.16,22830.706
300051.SZ,2022-06-27,5.65,5.67,5.58,5.58,5.63,-0.04999999999999982,-0.89,43012.0,24125.969
300051.SZ,2022-06-28,5.61,5.66,5.52,5.62,5.58,0.040000000000000036,0.72,40317.0,22603.986
300051.SZ,2022-06-29,5.59,5.67,5.46,5.46,5.62,-0.16000000000000014,-2.85,62304.0,34540.417
300051.SZ,2022-06-30,5.46,5.62,5.45,5.46,5.46,0.0,0.0,44832.01,24707.416
300051.SZ,2022-07-01,5.48,5.85,5.42,5.82,5.46,0.3600000000000003,6.59,126246.28,71987.423
300051.SZ,2022-07-04,5.8,5.82,5.67,5.71,5.82,-0.11000000000000032,-1.89,65728.25,37673.613
300051.SZ,2022-07-05,5.66,5.82,5.61,5.69,5.71,-0.019999999999999574,-0.35,60035.29,34159.646
300051.SZ,2022-07-06,5.65,5.8,5.62,5.78,5.69,0.08999999999999986,1.58,55257.0,31443.653
300051.SZ,2022-07-07,5.81,6.06,5.78,6.02,5.78,0.23999999999999932,4.15,119565.12,70959.413
300051.SZ,2022-07-08,6.02,6.04,5.84,5.88,6.02,-0.13999999999999968,-2.33,69665.0,41230.142
300051.SZ,2022-07-11,5.83,5.87,5.75,5.81,5.88,-0.07000000000000028,-1.19,44120.13,25593.641
300051.SZ,2022-07-12,5.81,5.93,5.76,5.85,5.81,0.040000000000000036,0.69,41480.12,24245.361
300051.SZ,2022-07-13,5.85,6.0,5.81,5.98,5.85,0.13000000000000078,2.22,55111.0,32543.315
300051.SZ,2022-07-14,5.97,6.08,5.89,5.98,5.98,0.0,0.0,59966.0,36038.824
300051.SZ,2022-07-15,5.91,6.28,5.91,6.05,5.98,0.0699999999999994,1.17,80383.0,49018.955
300051.SZ,2022-07-18,6.13,6.35,6.06,6.31,6.05,0.2599999999999998,4.3,116209.94,72590.756
300051.SZ,2022-07-19,6.33,6.54,6.23,6.4,6.31,0.09000000000000075,1.43,92732.02,59228.244
300051.SZ,2022-07-20,6.37,6.4,6.23,6.26,6.4,-0.14000000000000057,-2.19,70937.5,44629.047
300051.SZ,2022-07-21,6.26,6.5,6.23,6.37,6.26,0.11000000000000032,1.76,77116.5,49287.532
300051.SZ,2022-07-22,6.37,6.46,6.29,6.3,6.37,-0.07000000000000028,-1.1,54380.0,34589.378
300051.SZ,2022-07-25,6.29,6.44,6.2,6.24,6.3,-0.05999999999999961,-0.95,53118.59,33362.734
300051.SZ,2022-07-26,6.16,6.38,6.15,6.34,6.24,0.09999999999999964,1.6,52624.39,33118.827
300051.SZ,2022-07-27,6.31,6.38,6.13,6.15,6.34,-0.1899999999999995,-3.0,55364.73,34394.447
300051.SZ,2022-07-28,6.15,6.22,5.92,5.97,6.15,-0.1800000000000006,-2.93,93182.71,56223.255
300051.SZ,2022-07-29,5.91,6.05,5.91,5.95,5.97,-0.019999999999999574,-0.34,43407.43,25969.665
300051.SZ,2022-08-01,5.97,5.99,5.82,5.88,5.95,-0.07000000000000028,-1.18,42891.09,25296.877
300051.SZ,2022-08-02,5.84,5.92,5.54,5.58,5.88,-0.2999999999999998,-5.1,76610.21,43150.653
300051.SZ,2022-08-03,5.58,5.74,5.51,5.52,5.58,-0.0600000000000005,-1.08,44476.48,25027.7
300051.SZ,2022-08-04,5.55,5.68,5.52,5.67,5.52,0.15000000000000036,2.72,35923.07,20185.36
300051.SZ,2022-08-05,5.73,5.74,5.61,5.65,5.67,-0.019999999999999574,-0.35,29579.0,16755.56
300051.SZ,2022-08-08,5.61,5.91,5.6,5.89,5.65,0.23999999999999932,4.25,62085.2,36215.107
300051.SZ,2022-08-09,5.88,6.07,5.86,5.92,5.89,0.03000000000000025,0.51,42894.97,25573.375
300051.SZ,2022-08-10,5.97,5.97,5.81,5.83,5.92,-0.08999999999999986,-1.52,28619.51,16751.383
300051.SZ,2022-08-11,5.81,5.93,5.8,5.85,5.83,0.019999999999999574,0.34,32719.46,19197.589
300051.SZ,2022-08-12,5.93,5.94,5.84,5.9,5.85,0.05000000000000071,0.85,33758.5,19933.637
300051.SZ,2022-08-15,5.91,6.14,5.87,6.1,5.9,0.1999999999999993,3.39,66777.37,40547.282
300051.SZ,2022-08-16,6.09,6.11,5.95,6.02,6.1,-0.08000000000000007,-1.31,53682.0,32292.02
300051.SZ,2022-08-17,6.07,6.2,6.03,6.15,6.02,0.13000000000000078,2.16,65629.0,40150.875
300051.SZ,2022-08-18,6.1,6.15,6.02,6.1,6.15,-0.05000000000000071,-0.81,40261.0,24460.318
300051.SZ,2022-08-19,6.09,6.26,6.05,6.06,6.1,-0.040000000000000036,-0.66,42379.41,26074.29
300051.SZ,2022-08-22,6.0,6.18,5.9,6.16,6.06,0.10000000000000053,1.65,32728.73,20000.005
300051.SZ,2022-08-23,6.1,6.22,6.07,6.1,6.16,-0.0600000000000005,-0.97,30991.0,18994.881
300051.SZ,2022-08-24,6.12,6.21,6.03,6.04,6.1,-0.05999999999999961,-0.98,47793.71,29211.637
300051.SZ,2022-08-25,6.07,6.1,5.9,5.98,6.04,-0.05999999999999961,-0.99,39212.0,23446.419
300051.SZ,2022-08-26,6.04,6.15,5.99,6.03,5.98,0.04999999999999982,0.84,29158.16,17649.056
300051.SZ,2022-08-29,6.05,6.26,5.91,6.17,6.03,0.13999999999999968,2.32,54220.14,33271.39
300051.SZ,2022-08-30,6.25,6.74,6.24,6.54,6.17,0.3700000000000001,6.0,173645.47,112809.614
300051.SZ,2022-08-31,6.5,6.64,6.22,6.22,6.54,-0.3200000000000003,-4.89,104032.04,66693.564
300051.SZ,2022-09-01,6.13,6.6,6.13,6.35,6.22,0.1299999999999999,2.09,87961.52,56362.994
300051.SZ,2022-09-02,6.36,6.6,6.3,6.59,6.35,0.2400000000000002,3.78,103561.24,67297.59
300051.SZ,2022-09-05,6.78,6.8,6.5,6.54,6.59,-0.04999999999999982,-0.76,82571.32,54345.91
300051.SZ,2022-09-06,6.59,6.6,6.38,6.45,6.54,-0.08999999999999986,-1.38,57449.06,37020.085
300051.SZ,2022-09-07,6.43,6.55,6.38,6.42,6.45,-0.03000000000000025,-0.47,41778.61,27015.664
300051.SZ,2022-09-08,6.47,6.51,6.26,6.26,6.42,-0.16000000000000014,-2.49,48602.51,30964.886
300051.SZ,2022-09-09,6.28,6.35,6.11,6.23,6.26,-0.02999999999999936,-0.48,35160.41,21855.962
300051.SZ,2022-09-13,6.21,6.33,6.1,6.28,6.23,0.04999999999999982,0.8,45929.65,28524.285
300051.SZ,2022-09-14,6.19,6.53,6.18,6.35,6.28,0.0699999999999994,1.11,75565.37,48263.2
300051.SZ,2022-09-15,6.31,6.4,6.08,6.17,6.35,-0.17999999999999972,-2.83,68581.71,42316.904
300051.SZ,2022-09-16,6.14,6.19,5.92,5.93,6.17,-0.2400000000000002,-3.89,42876.0,25869.092
300051.SZ,2022-09-19,5.85,5.93,5.76,5.78,5.93,-0.14999999999999947,-2.53,41928.25,24406.032
300051.SZ,2022-09-20,5.85,6.02,5.85,6.02,5.78,0.23999999999999932,4.15,36766.0,21932.362
300051.SZ,2022-09-21,6.02,6.02,5.87,6.0,6.02,-0.019999999999999574,-0.33,20493.0,12200.659
300051.SZ,2022-09-22,5.98,6.05,5.88,5.9,6.0,-0.09999999999999964,-1.67,26650.0,15822.331
300051.SZ,2022-09-23,5.92,5.92,5.65,5.7,5.9,-0.20000000000000018,-3.39,37342.74,21554.007
300051.SZ,2022-09-26,5.7,5.74,5.55,5.6,5.7,-0.10000000000000053,-1.75,29704.0,16712.141
300051.SZ,2022-09-27,5.62,5.77,5.6,5.76,5.6,0.16000000000000014,2.86,21320.0,12117.871
300051.SZ,2022-09-28,5.7,5.81,5.55,5.6,5.76,-0.16000000000000014,-2.78,29884.99,16868.542
300051.SZ,2022-09-29,5.61,5.69,5.41,5.53,5.6,-0.0699999999999994,-1.25,32195.05,17739.491
300051.SZ,2022-09-30,5.53,5.58,5.42,5.51,5.53,-0.020000000000000462,-0.36,22617.55,12449.807
300051.SZ,2022-10-10,5.54,5.73,5.47,5.56,5.51,0.04999999999999982,0.91,29836.08,16624.432
300051.SZ,2022-10-11,5.5,5.65,5.5,5.58,5.56,0.020000000000000462,0.36,24145.0,13511.569
300051.SZ,2022-10-12,5.58,5.67,5.43,5.64,5.58,0.05999999999999961,1.08,31379.0,17454.373
300051.SZ,2022-10-13,5.64,5.83,5.55,5.81,5.64,0.16999999999999993,3.01,42323.96,24219.495
300051.SZ,2022-10-14,5.77,5.85,5.71,5.78,5.81,-0.02999999999999936,-0.52,34126.66,19760.303
300051.SZ,2022-10-17,5.75,5.85,5.74,5.84,5.78,0.05999999999999961,1.04,27335.0,15890.487
300051.SZ,2022-10-18,5.8,5.87,5.73,5.77,5.84,-0.07000000000000028,-1.2,24870.15,14356.061
300051.SZ,2022-10-19,5.76,5.79,5.63,5.65,5.77,-0.11999999999999922,-2.08,23110.0,13143.472
300051.SZ,2022-10-20,5.65,5.71,5.54,5.62,5.65,-0.03000000000000025,-0.53,23956.0,13485.02
300051.SZ,2022-10-21,5.68,5.69,5.5,5.51,5.62,-0.11000000000000032,-1.96,19474.5,10896.568
300051.SZ,2022-10-24,5.49,5.62,5.34,5.4,5.51,-0.10999999999999943,-2.0,41420.61,22608.072
300051.SZ,2022-10-25,5.38,5.46,5.28,5.32,5.4,-0.08000000000000007,-1.48,28643.32,15275.291
300051.SZ,2022-10-26,5.35,5.54,5.26,5.52,5.32,0.1999999999999993,3.76,30022.14,16379.115
300051.SZ,2022-10-27,5.52,5.59,5.48,5.53,5.52,0.010000000000000675,0.18,19539.0,10839.289
300051.SZ,2022-10-28,5.59,5.59,5.27,5.31,5.53,-0.22000000000000064,-3.98,33531.92,18075.506
300051.SZ,2022-10-31,5.31,5.48,5.3,5.39,5.31,0.08000000000000007,1.51,23025.45,12452.653
300051.SZ,2022-11-01,5.43,5.5,5.39,5.45,5.39,0.0600000000000005,1.11,21720.0,11823.028
300051.SZ,2022-11-02,5.49,5.58,5.41,5.52,5.45,0.0699999999999994,1.28,32593.69,17974.873
300051.SZ,2022-11-03,5.46,5.51,5.37,5.38,5.52,-0.13999999999999968,-2.54,43533.46,23620.537
300051.SZ,2022-11-04,5.44,5.75,5.38,5.64,5.38,0.2599999999999998,4.83,80886.15,45151.648
300051.SZ,2022-11-07,5.56,6.5,5.5,6.04,5.64,0.40000000000000036,7.09,164582.08,99056.651
300051.SZ,2022-11-08,6.06,6.27,5.97,6.16,6.04,0.1200000000000001,1.99,137542.01,84483.18
300051.SZ,2022-11-09,6.1,6.18,5.95,6.07,6.16,-0.08999999999999986,-1.46,79277.6,48051.357
300051.SZ,2022-11-10,6.07,6.39,6.03,6.31,6.07,0.23999999999999932,3.95,134800.11,84896.579
300051.SZ,2022-11-11,6.65,7.57,6.44,7.51,6.31,1.2000000000000002,19.02,794015.24,588000.928
300051.SZ,2022-11-14,6.67,7.08,6.52,6.9,7.51,-0.6099999999999994,-8.12,715217.12,487483.979
300051.SZ,2022-11-15,6.73,6.95,6.41,6.55,6.9,-0.35000000000000053,-5.07,466970.2,307774.572
300051.SZ,2022-11-16,6.42,7.22,6.31,6.98,6.55,0.4300000000000006,6.56,559670.94,381733.771
300051.SZ,2022-11-17,6.81,7.43,6.71,6.87,6.98,-0.11000000000000032,-1.58,432190.97,301563.723
300051.SZ,2022-11-18,6.77,7.06,6.5,6.51,6.87,-0.3600000000000003,-5.24,369515.31,248892.833
300051.SZ,2022-11-21,6.43,6.55,6.24,6.28,6.51,-0.22999999999999954,-3.53,259428.58,163982.794
300051.SZ,2022-11-22,6.4,6.43,6.16,6.24,6.28,-0.040000000000000036,-0.64,185965.53,116733.275
300051.SZ,2022-11-23,6.15,6.36,6.07,6.22,6.24,-0.020000000000000462,-0.32,154304.23,95823.392
300051.SZ,2022-11-24,6.22,6.26,6.15,6.2,6.22,-0.019999999999999574,-0.32,121040.38,75246.324
300051.SZ,2022-11-25,6.24,6.33,6.2,6.29,6.2,0.08999999999999986,1.45,134516.55,84093.741
300051.SZ,2022-11-28,6.28,6.28,6.04,6.12,6.29,-0.16999999999999993,-2.7,113569.51,69566.124
300051.SZ,2022-11-29,6.14,6.68,6.14,6.53,6.12,0.41000000000000014,6.7,278515.19,179791.989
300051.SZ,2022-11-30,6.67,6.92,6.65,6.7,6.53,0.16999999999999993,2.6,273914.14,185483.445
300051.SZ,2022-12-01,6.72,7.19,6.59,6.98,6.7,0.28000000000000025,4.18,272080.19,188336.08
300051.SZ,2022-12-02,6.98,7.37,6.88,7.2,6.98,0.21999999999999975,3.15,231971.06,167140.669
300051.SZ,2022-12-05,7.21,8.27,7.21,7.8,7.2,0.5999999999999996,8.33,364286.12,281722.582
300051.SZ,2022-12-06,7.69,8.05,7.6,7.91,7.8,0.11000000000000032,1.41,232165.45,181441.391
300051.SZ,2022-12-07,7.89,7.9,7.57,7.63,7.91,-0.28000000000000025,-3.54,192334.16,148372.17
300051.SZ,2022-12-08,7.66,8.08,7.49,7.93,7.63,0.2999999999999998,3.93,202310.01,157895.461
300051.SZ,2022-12-09,7.75,8.09,7.71,7.71,7.93,-0.21999999999999975,-2.77,131519.99,102842.884
300051.SZ,2022-12-12,7.72,8.05,7.64,7.76,7.71,0.04999999999999982,0.65,116608.0,91102.788
300051.SZ,2022-12-13,7.73,7.89,7.61,7.62,7.76,-0.13999999999999968,-1.8,90799.05,69994.746
300051.SZ,2022-12-14,7.71,7.76,7.52,7.55,7.62,-0.07000000000000028,-0.92,82126.03,62706.645
300051.SZ,2022-12-15,7.59,7.66,7.43,7.46,7.55,-0.08999999999999986,-1.19,83376.98,62613.039
300051.SZ,2022-12-16,7.35,7.56,7.25,7.39,7.46,-0.07000000000000028,-0.94,74216.0,54892.983
300051.SZ,2022-12-19,7.53,7.6,7.22,7.41,7.39,0.020000000000000462,0.27,73051.98,54020.521
300051.SZ,2022-12-20,7.43,7.5,7.3,7.45,7.41,0.040000000000000036,0.54,56965.41,42156.009
300051.SZ,2022-12-21,7.47,7.52,7.28,7.4,7.45,-0.04999999999999982,-0.67,60837.0,44847.966
300051.SZ,2022-12-22,7.44,7.89,7.38,7.68,7.4,0.27999999999999936,3.78,161493.84,123529.226
300051.SZ,2022-12-23,7.69,7.7,7.23,7.29,7.68,-0.3899999999999997,-5.08,164693.04,122710.303
300051.SZ,2022-12-26,7.77,8.75,7.5,8.75,7.29,1.46,20.03,610243.2,504723.7
300051.SZ,2022-12-27,8.78,9.17,8.31,8.57,8.75,-0.17999999999999972,-2.06,581438.13,504708.077
300051.SZ,2022-12-28,8.59,8.66,7.92,8.15,8.57,-0.41999999999999993,-4.9,441177.95,360510.503
300051.SZ,2022-12-29,8.36,8.85,8.1,8.19,8.15,0.03999999999999915,0.49,456955.86,388815.63
300051.SZ,2022-12-30,8.27,9.83,8.27,9.1,8.19,0.9100000000000001,11.11,624507.46,563629.723
300051.SZ,2023-01-03,8.83,10.8,8.7,10.41,9.1,1.3100000000000005,14.4,638354.94,613956.131
300051.SZ,2023-01-04,10.25,11.45,9.8,10.95,10.41,0.5399999999999991,5.19,620973.41,651365.297
300051.SZ,2023-01-05,10.81,11.88,10.52,10.85,10.95,-0.09999999999999964,-0.91,523714.47,581281.896
300051.SZ,2023-01-06,11.05,11.47,10.49,10.79,10.85,-0.0600000000000005,-0.55,458578.91,501067.003
300051.SZ,2023-01-09,10.86,11.2,10.58,10.95,10.79,0.16000000000000014,1.48,333498.16,364046.114
300051.SZ,2023-01-10,10.81,11.0,10.24,10.6,10.95,-0.34999999999999964,-3.2,354984.28,374889.519
300051.SZ,2023-01-11,10.63,11.47,10.6,11.17,10.6,0.5700000000000003,5.38,386945.79,426836.515
300051.SZ,2023-01-12,11.49,12.48,11.21,11.34,11.17,0.16999999999999993,1.52,480752.8,565328.273
300051.SZ,2023-01-13,11.5,11.53,10.4,10.6,11.34,-0.7400000000000002,-6.53,375948.84,403099.807
300051.SZ,2023-01-16,10.61,10.68,10.2,10.36,10.6,-0.2400000000000002,-2.26,281530.12,293858.98
300051.SZ,2023-01-17,10.38,11.14,10.3,10.78,10.36,0.41999999999999993,4.05,282768.64,305255.729
300051.SZ,2023-01-18,10.93,10.97,10.53,10.66,10.78,-0.11999999999999922,-1.11,192718.1,206405.393
300051.SZ,2023-01-19,10.42,10.77,10.37,10.45,10.66,-0.21000000000000085,-1.97,148725.17,156520.224
300051.SZ,2023-01-20,10.59,11.05,10.42,10.98,10.45,0.5300000000000011,5.07,177616.0,191959.902
300051.SZ,2023-01-30,11.55,11.9,10.8,11.01,10.98,0.02999999999999936,0.27,289463.28,325136.005
300051.SZ,2023-01-31,10.88,11.43,10.68,11.01,11.01,0.0,0.0,195524.75,216123.423
300051.SZ,2023-02-01,11.17,12.9,11.01,12.9,11.01,1.8900000000000006,17.17,533913.71,641614.722
300051.SZ,2023-02-02,12.58,12.59,11.88,12.26,12.9,-0.6400000000000006,-4.96,442394.78,540116.747
300051.SZ,2023-02-03,12.19,12.62,12.08,12.37,12.26,0.10999999999999943,0.9,271363.88,335155.139
300051.SZ,2023-02-06,12.51,13.14,12.2,12.4,12.37,0.030000000000001137,0.24,278375.91,352767.549
300051.SZ,2023-02-07,12.29,12.88,12.14,12.36,12.4,-0.040000000000000924,-0.32,213780.01,267379.308
300051.SZ,2023-02-08,12.27,12.35,11.9,12.23,12.36,-0.129999999999999,-1.05,196226.0,237624.005
300051.SZ,2023-02-09,12.01,12.75,12.01,12.58,12.23,0.34999999999999964,2.86,210501.99,264614.389
300051.SZ,2023-02-10,12.58,13.3,12.35,12.35,12.58,-0.23000000000000043,-1.83,190792.0,242837.952
300051.SZ,2023-02-13,12.32,13.05,12.31,12.8,12.35,0.45000000000000107,3.64,187557.08,238237.432
300051.SZ,2023-02-14,12.75,13.8,12.61,13.36,12.8,0.5599999999999987,4.37,251840.22,331486.928
300051.SZ,2023-02-15,13.27,13.6,12.9,12.92,13.36,-0.4399999999999995,-3.29,235535.54,308784.223
300051.SZ,2023-02-16,12.67,13.17,12.45,12.56,12.92,-0.35999999999999943,-2.79,184714.01,237334.868
300051.SZ,2023-02-17,12.6,12.75,12.21,12.42,12.56,-0.14000000000000057,-1.11,124269.81,155364.382
300051.SZ,2023-02-20,12.42,12.73,12.31,12.58,12.42,0.16000000000000014,1.29,75595.65,94806.132
300051.SZ,2023-02-21,12.58,12.66,12.14,12.32,12.58,-0.2599999999999998,-2.07,130946.84,161448.66
300051.SZ,2023-02-22,12.29,12.95,12.16,12.61,12.32,0.28999999999999915,2.35,141452.13,179183.11
300051.SZ,2023-02-23,12.55,12.97,12.48,12.68,12.61,0.07000000000000028,0.56,114668.06,145347.594
300051.SZ,2023-02-24,12.58,12.93,12.55,12.74,12.68,0.0600000000000005,0.47,101221.72,128856.778
300051.SZ,2023-02-27,13.1,13.74,13.03,13.15,12.74,0.41000000000000014,3.22,230917.48,309187.895
300051.SZ,2023-02-28,12.96,13.46,12.91,13.12,13.15,-0.030000000000001137,-0.23,145570.45,191370.009
300051.SZ,2023-03-01,13.0,13.38,12.81,13.15,13.12,0.030000000000001137,0.23,129542.73,169629.227
300051.SZ,2023-03-02,13.07,13.17,12.78,12.78,13.15,-0.370000000000001,-2.81,105105.0,135752.03
300051.SZ,2023-03-03,12.84,12.84,12.3,12.34,12.78,-0.4399999999999995,-3.44,141461.2,176404.143
300051.SZ,2023-03-06,12.36,12.6,11.96,12.33,12.34,-0.009999999999999787,-0.08,109534.17,134527.112
300051.SZ,2023-03-07,12.33,12.57,11.9,11.96,12.33,-0.3699999999999992,-3.0,121145.12,147699.059
300051.SZ,2023-03-08,11.9,12.32,11.9,12.19,11.96,0.22999999999999865,1.92,86181.33,104645.865
300051.SZ,2023-03-09,12.05,12.6,12.05,12.48,12.19,0.2900000000000009,2.38,106979.02,132235.481
300051.SZ,2023-03-10,12.35,12.74,12.35,12.49,12.48,0.009999999999999787,0.08,106193.44,133543.015
300051.SZ,2023-03-13,12.4,12.9,12.36,12.7,12.49,0.20999999999999908,1.68,106054.52,135064.261
300051.SZ,2023-03-14,12.6,12.83,12.2,12.2,12.7,-0.5,-3.94,109673.01,136799.556
300051.SZ,2023-03-15,12.32,12.53,12.28,12.31,12.2,0.11000000000000121,0.9,62942.03,77889.651
300051.SZ,2023-03-16,12.21,12.3,11.78,11.94,12.31,-0.370000000000001,-3.01,98426.29,118044.415
300051.SZ,2023-03-17,12.06,12.2,11.84,12.05,11.94,0.11000000000000121,0.92,83984.02,101318.863
300051.SZ,2023-03-20,12.01,12.08,11.13,11.38,12.05,-0.6699999999999999,-5.56,164298.12,188013.712
300051.SZ,2023-03-21,11.42,11.9,11.32,11.76,11.38,0.379999999999999,3.34,106903.02,124944.481
300051.SZ,2023-03-22,11.77,11.85,11.45,11.57,11.76,-0.1899999999999995,-1.62,75856.02,88023.336
300051.SZ,2023-03-23,11.5,11.96,11.5,11.61,11.57,0.03999999999999915,0.35,75191.0,87885.431
300051.SZ,2023-03-24,11.7,11.7,11.1,11.32,11.61,-0.28999999999999915,-2.5,132533.0,149274.993
300051.SZ,2023-03-27,11.46,11.58,11.01,11.25,11.32,-0.07000000000000028,-0.62,114388.09,128400.37
300051.SZ,2023-03-28,11.21,11.37,10.99,11.12,11.25,-0.13000000000000078,-1.16,68644.24,76563.153
300051.SZ,2023-03-29,11.04,11.3,11.02,11.05,11.12,-0.06999999999999851,-0.63,51562.0,57431.08
300051.SZ,2023-03-30,11.05,11.34,11.0,11.15,11.05,0.09999999999999964,0.9,66829.0,74675.037
300051.SZ,2023-03-31,11.06,11.58,10.95,11.53,11.15,0.379999999999999,3.41,107875.0,122085.558
300051.SZ,2023-04-03,11.53,11.7,11.17,11.4,11.53,-0.129999999999999,-1.13,106333.44,120593.859
300051.SZ,2023-04-04,11.4,11.54,11.12,11.17,11.4,-0.23000000000000043,-2.02,73252.3,82693.15
300051.SZ,2023-04-06,11.15,11.23,10.96,11.22,11.17,0.05000000000000071,0.45,68134.0,75625.502
300051.SZ,2023-04-07,11.21,11.22,11.03,11.09,11.22,-0.13000000000000078,-1.16,55116.26,61195.363
300051.SZ,2023-04-10,11.09,11.15,10.82,10.85,11.09,-0.2400000000000002,-2.16,86654.5,94904.903
300051.SZ,2023-04-11,10.93,11.1,10.76,11.01,10.85,0.16000000000000014,1.47,58200.96,63986.958
300051.SZ,2023-04-12,11.11,11.2,10.8,11.17,11.01,0.16000000000000014,1.45,66335.0,73032.026
300051.SZ,2023-04-13,11.15,11.47,11.09,11.25,11.17,0.08000000000000007,0.72,88285.03,99548.791
300051.SZ,2023-04-14,11.25,11.25,10.86,10.89,11.25,-0.35999999999999943,-3.2,67681.31,74323.814
300051.SZ,2023-04-17,10.83,10.94,10.61,10.71,10.89,-0.17999999999999972,-1.65,75523.0,80970.587
300051.SZ,2023-04-18,10.63,10.72,10.31,10.64,10.71,-0.07000000000000028,-0.65,63830.0,67349.841
300051.SZ,2023-04-19,10.64,11.29,10.54,10.92,10.64,0.27999999999999936,2.63,97289.01,107374.938
300051.SZ,2023-04-20,10.86,11.03,10.46,10.59,10.92,-0.33000000000000007,-3.02,96980.31,103185.746
300051.SZ,2023-04-21,10.59,10.9,10.26,10.33,10.59,-0.2599999999999998,-2.46,87261.97,91757.338
300051.SZ,2023-04-24,10.33,10.75,10.29,10.49,10.33,0.16000000000000014,1.55,71565.0,75661.116
300051.SZ,2023-04-25,10.5,10.64,10.18,10.32,10.49,-0.16999999999999993,-1.62,69884.01,72583.54
300051.SZ,2023-04-26,10.28,10.5,10.03,10.3,10.32,-0.019999999999999574,-0.19,74639.01,76685.324
300051.SZ,2023-04-27,10.21,10.3,9.96,10.02,10.3,-0.28000000000000114,-2.72,70146.09,70803.845
300051.SZ,2023-04-28,10.12,11.3,10.09,11.12,10.02,1.0999999999999996,10.98,211729.01,232328.423
300051.SZ,2023-05-04,10.92,11.49,10.85,11.26,11.12,0.14000000000000057,1.26,143121.0,161284.058
300051.SZ,2023-05-05,11.26,11.36,10.89,11.14,11.26,-0.11999999999999922,-1.07,95298.02,106002.872
300051.SZ,2023-05-08,10.99,11.25,10.92,11.02,11.14,-0.120000000000001,-1.08,83285.03,92220.262
300051.SZ,2023-05-09,10.94,11.07,10.66,10.77,11.02,-0.25,-2.27,87095.0,94332.827
300051.SZ,2023-05-10,10.56,10.84,10.56,10.6,10.77,-0.16999999999999993,-1.58,56063.1,59875.711
300051.SZ,2023-05-11,10.65,11.3,10.65,11.0,10.6,0.40000000000000036,3.77,111279.0,122838.134
300051.SZ,2023-05-12,11.06,11.16,10.7,10.84,11.0,-0.16000000000000014,-1.45,81813.0,89112.901
300051.SZ,2023-05-15,10.8,11.05,10.52,10.69,10.84,-0.15000000000000036,-1.38,84065.28,90203.469
300051.SZ,2023-05-16,10.55,10.66,10.45,10.51,10.69,-0.17999999999999972,-1.68,51444.05,54136.904
300051.SZ,2023-05-17,10.41,10.72,10.38,10.56,10.51,0.05000000000000071,0.48,58246.0,61415.323
300051.SZ,2023-05-18,10.52,10.71,10.51,10.68,10.56,0.11999999999999922,1.14,49159.29,52281.299
300051.SZ,2023-05-19,10.68,11.17,10.51,10.8,10.68,0.120000000000001,1.12,80172.01,87356.449
300051.SZ,2023-05-22,10.68,11.2,10.5,10.56,10.8,-0.2400000000000002,-2.22,113058.03,122156.148
300051.SZ,2023-05-23,10.5,11.07,10.4,10.85,10.56,0.28999999999999915,2.75,115184.02,123656.153
300051.SZ,2023-05-24,10.75,10.88,10.56,10.72,10.85,-0.129999999999999,-1.2,72378.0,77649.113
300051.SZ,2023-05-25,10.66,10.84,10.42,10.52,10.72,-0.20000000000000107,-1.87,70613.0,74874.952
300051.SZ,2023-05-26,10.44,10.63,10.41,10.44,10.52,-0.08000000000000007,-0.76,46562.0,48875.404
300051.SZ,2023-05-29,10.44,10.55,10.13,10.23,10.44,-0.20999999999999908,-2.01,81324.02,83577.2
300051.SZ,2023-05-30,10.19,10.6,10.01,10.58,10.23,0.34999999999999964,3.42,78656.0,81650.548
300051.SZ,2023-05-31,10.55,11.0,10.5,10.86,10.58,0.27999999999999936,2.65,101468.0,109897.357
300051.SZ,2023-06-01,10.88,11.13,10.77,11.0,10.86,0.14000000000000057,1.29,92831.7,101990.321
300051.SZ,2023-06-02,11.11,11.11,10.81,10.81,11.0,-0.1899999999999995,-1.73,56327.0,61418.384
300051.SZ,2023-06-05,10.82,11.06,10.75,10.85,10.81,0.03999999999999915,0.37,49896.0,54403.864
300051.SZ,2023-06-06,10.93,10.98,10.58,10.62,10.85,-0.23000000000000043,-2.12,51951.0,55803.422
300051.SZ,2023-06-07,10.53,11.0,10.53,10.91,10.62,0.2900000000000009,2.73,71540.98,77945.23
300051.SZ,2023-06-08,10.94,10.96,10.69,10.83,10.91,-0.08000000000000007,-0.73,49860.01,53711.515
300051.SZ,2023-06-09,10.84,11.18,10.73,11.12,10.83,0.28999999999999915,2.68,95536.52,105115.369
300051.SZ,2023-06-12,11.12,11.38,11.11,11.2,11.12,0.08000000000000007,0.72,78893.0,88709.925
300051.SZ,2023-06-13,11.16,11.46,11.15,11.43,11.2,0.23000000000000043,2.05,71863.0,81600.882
300051.SZ,2023-06-14,11.68,12.55,11.51,12.18,11.43,0.75,6.56,216760.57,262895.314
300051.SZ,2023-06-15,12.3,12.38,11.97,12.08,12.18,-0.09999999999999964,-0.82,113385.0,137317.093
300051.SZ,2023-06-16,12.04,12.68,12.04,12.41,12.08,0.33000000000000007,2.73,118527.0,146479.768
300051.SZ,2023-06-19,12.44,14.38,12.44,14.15,12.41,1.7400000000000002,14.02,322429.44,443477.335
300051.SZ,2023-06-20,14.0,14.08,13.48,13.5,14.15,-0.6500000000000004,-4.59,235118.03,322757.756
300051.SZ,2023-06-21,13.47,14.88,13.18,13.67,13.5,0.16999999999999993,1.26,266704.2,375229.93
300051.SZ,2023-06-26,13.7,13.85,12.5,12.51,13.67,-1.1600000000000001,-8.49,227176.0,294533.128
300051.SZ,2023-06-27,12.35,13.07,12.35,12.82,12.51,0.3100000000000005,2.48,128446.41,164377.137
300051.SZ,2023-06-28,12.94,12.95,12.14,12.49,12.82,-0.33000000000000007,-2.57,104467.0,129821.755
300051.SZ,2023-06-29,12.43,12.93,12.42,12.49,12.49,0.0,0.0,73445.0,92545.839
300051.SZ,2023-06-30,12.63,12.7,12.24,12.55,12.49,0.0600000000000005,0.48,73725.04,91861.616
300051.SZ,2023-07-03,12.55,12.55,11.83,12.21,12.55,-0.33999999999999986,-2.71,115494.0,139887.777
300051.SZ,2023-07-04,12.33,12.52,12.12,12.15,12.21,-0.0600000000000005,-0.49,65382.0,80134.778
300051.SZ,2023-07-05,12.12,12.25,11.89,11.91,12.15,-0.2400000000000002,-1.98,60724.0,73256.006
300051.SZ,2023-07-06,11.87,12.07,11.86,11.92,11.91,0.009999999999999787,0.08,46574.53,55706.909
300051.SZ,2023-07-07,11.87,11.92,11.64,11.8,11.92,-0.11999999999999922,-1.01,44930.54,52967.963
300051.SZ,2023-07-10,11.89,12.35,11.79,12.24,11.8,0.4399999999999995,3.73,94450.3,115040.263
300051.SZ,2023-07-11,12.23,12.23,11.88,11.94,12.24,-0.3000000000000007,-2.45,69102.45,82685.327
300051.SZ,2023-07-12,11.87,11.95,11.66,11.77,11.94,-0.16999999999999993,-1.42,62824.0,73885.865
300051.SZ,2023-07-13,11.84,12.67,11.8,12.08,11.77,0.3100000000000005,2.63,109154.0,133477.16
300051.SZ,2023-07-14,12.0,12.57,11.86,12.29,12.08,0.20999999999999908,1.74,113510.17,139064.989
300051.SZ,2023-07-17,12.16,12.61,12.05,12.6,12.29,0.3100000000000005,2.52,131307.17,163047.202
300051.SZ,2023-07-18,12.94,13.8,12.71,12.8,12.6,0.20000000000000107,1.59,199061.25,261362.632
300051.SZ,2023-07-19,12.82,12.98,12.48,12.59,12.8,-0.21000000000000085,-1.64,104246.55,132271.411
300051.SZ,2023-07-20,12.67,13.2,12.58,12.96,12.59,0.370000000000001,2.94,118030.0,152148.983
300051.SZ,2023-07-21,12.83,13.06,12.64,12.69,12.96,-0.27000000000000135,-2.08,75372.97,96414.998
300051.SZ,2023-07-24,12.7,12.85,12.35,12.46,12.69,-0.22999999999999865,-1.81,57874.8,72304.146
300051.SZ,2023-07-25,12.54,12.65,12.2,12.22,12.46,-0.2400000000000002,-1.93,62944.0,77910.463
300051.SZ,2023-07-26,12.25,12.4,12.1,12.34,12.22,0.11999999999999922,0.98,48042.02,58920.09
300051.SZ,2023-07-27,12.35,12.76,12.27,12.46,12.34,0.120000000000001,0.97,58853.02,73701.064
300051.SZ,2023-07-28,12.4,12.54,12.14,12.34,12.46,-0.120000000000001,-0.96,40316.01,49606.259
300051.SZ,2023-07-31,12.35,12.53,12.21,12.42,12.34,0.08000000000000007,0.65,42414.01,52509.483
300051.SZ,2023-08-01,12.35,12.35,12.1,12.17,12.42,-0.25,-2.01,39200.0,47799.125
300051.SZ,2023-08-02,12.18,12.93,12.03,12.64,12.17,0.47000000000000064,3.86,85405.88,106903.412
300051.SZ,2023-08-03,12.5,13.3,12.43,13.15,12.64,0.5099999999999998,4.03,144090.35,187909.723
300051.SZ,2023-08-04,13.41,13.45,12.91,13.04,13.15,-0.11000000000000121,-0.84,105459.01,138133.096
300051.SZ,2023-08-07,12.96,13.7,12.96,13.65,13.04,0.6100000000000012,4.68,157970.57,213511.171
300051.SZ,2023-08-08,13.88,14.08,13.52,13.59,13.65,-0.0600000000000005,-0.44,115818.01,158860.661
300051.SZ,2023-08-09,13.48,14.0,13.48,13.79,13.59,0.1999999999999993,1.47,126216.97,174625.371
300051.SZ,2023-08-10,13.8,13.91,13.08,13.18,13.79,-0.6099999999999994,-4.42,132038.67,176619.045
300051.SZ,2023-08-11,13.29,13.98,13.1,13.4,13.18,0.22000000000000064,1.67,108746.01,147269.17
300051.SZ,2023-08-14,13.23,14.07,13.19,13.98,13.4,0.5800000000000001,4.33,114305.54,155239.224
300051.SZ,2023-08-15,13.8,14.69,13.77,13.99,13.98,0.009999999999999787,0.07,172781.72,245045.498
300051.SZ,2023-08-16,13.78,13.99,13.27,13.31,13.99,-0.6799999999999997,-4.86,141484.01,191464.644
300051.SZ,2023-08-17,13.28,13.7,13.06,13.46,13.31,0.15000000000000036,1.13,76107.7,102444.301
300051.SZ,2023-08-18,13.68,14.05,13.44,13.61,13.46,0.14999999999999858,1.11,93388.71,127766.638
300051.SZ,2023-08-21,13.5,13.82,13.2,13.43,13.61,-0.17999999999999972,-1.32,65192.7,87762.297
300051.SZ,2023-08-22,13.41,13.61,13.0,13.2,13.43,-0.23000000000000043,-1.71,79254.01,104853.01
300051.SZ,2023-08-23,13.14,13.47,12.76,13.19,13.2,-0.009999999999999787,-0.08,63660.36,83568.378
300051.SZ,2023-08-24,13.2,13.79,12.96,13.41,13.19,0.22000000000000064,1.67,82713.84,110339.646
300051.SZ,2023-08-25,13.39,13.46,12.91,12.95,13.41,-0.46000000000000085,-3.43,63132.0,82740.989
300051.SZ,2023-08-28,13.79,13.8,13.0,13.04,12.95,0.08999999999999986,0.69,57812.03,76359.714
300051.SZ,2023-08-29,13.04,13.25,12.91,13.2,13.04,0.16000000000000014,1.23,59819.02,78430.803
300051.SZ,2023-08-30,13.08,13.35,13.0,13.15,13.2,-0.049999999999998934,-0.38,54484.02,71660.638
300051.SZ,2023-08-31,13.09,13.38,12.85,13.3,13.15,0.15000000000000036,1.14,65389.0,85550.156
300051.SZ,2023-09-01,13.26,13.84,13.19,13.61,13.3,0.3099999999999987,2.33,94224.0,128355.454
300051.SZ,2023-09-04,13.62,13.74,13.4,13.59,13.61,-0.019999999999999574,-0.15,47194.01,63709.426
300051.SZ,2023-09-05,13.57,13.76,13.33,13.6,13.59,0.009999999999999787,0.07,46214.01,62558.256
300051.SZ,2023-09-06,13.58,13.71,13.2,13.21,13.6,-0.3899999999999988,-2.87,58340.0,78281.912
300051.SZ,2023-09-07,13.1,13.37,13.0,13.09,13.21,-0.120000000000001,-0.91,40295.0,52918.114
300051.SZ,2023-09-08,13.09,13.1,12.5,12.7,13.09,-0.39000000000000057,-2.98,62771.73,79904.927
300051.SZ,2023-09-11,12.8,13.28,12.72,13.11,12.7,0.41000000000000014,3.23,49934.02,64880.991
300051.SZ,2023-09-12,13.0,13.1,12.6,12.64,13.11,-0.46999999999999886,-3.59,40045.72,51104.565
300051.SZ,2023-09-13,12.55,12.73,12.5,12.53,12.64,-0.11000000000000121,-0.87,26669.0,33486.627
300051.SZ,2023-09-14,12.63,12.65,12.42,12.51,12.53,-0.019999999999999574,-0.16,23360.92,29274.215
300051.SZ,2023-09-15,12.65,12.66,12.35,12.35,12.51,-0.16000000000000014,-1.28,21085.0,26241.563
300051.SZ,2023-09-18,12.23,13.01,12.2,12.93,12.35,0.5800000000000001,4.7,70203.53,89961.876
300051.SZ,2023-09-19,12.91,12.91,12.38,12.4,12.93,-0.5299999999999994,-4.1,42327.04,53198.602
300051.SZ,2023-09-20,12.25,12.47,12.22,12.23,12.4,-0.16999999999999993,-1.37,20744.0,25526.912
300051.SZ,2023-09-21,12.2,12.43,12.1,12.32,12.23,0.08999999999999986,0.74,16663.01,20469.114
300051.SZ,2023-09-22,12.32,12.46,12.25,12.39,12.32,0.07000000000000028,0.57,25713.01,31833.551
300051.SZ,2023-09-25,12.23,12.5,12.02,12.05,12.39,-0.33999999999999986,-2.74,34009.0,41337.427
300051.SZ,2023-09-26,12.05,12.25,11.94,12.17,12.05,0.11999999999999922,1.0,24345.02,29545.129
300051.SZ,2023-09-27,12.47,12.47,12.06,12.12,12.17,-0.05000000000000071,-0.41,21558.0,26229.417
300051.SZ,2023-09-28,12.31,12.65,12.11,12.44,12.12,0.3200000000000003,2.64,34506.01,42830.746
300051.SZ,2023-10-09,12.36,12.56,12.08,12.19,12.44,-0.25,-2.01,35020.04,42718.904
300051.SZ,2023-10-10,12.3,12.31,12.03,12.06,12.19,-0.129999999999999,-1.07,26336.04,32042.69
300051.SZ,2023-10-11,12.06,12.25,11.6,12.08,12.06,0.019999999999999574,0.17,37378.0,44887.124
300051.SZ,2023-10-12,12.12,12.17,11.88,11.99,12.08,-0.08999999999999986,-0.75,25530.05,30500.474
300051.SZ,2023-10-13,11.88,12.08,11.76,12.03,11.99,0.03999999999999915,0.33,31060.0,37038.515
300051.SZ,2023-10-16,12.07,12.07,11.75,11.84,12.03,-0.1899999999999995,-1.58,24734.0,29306.92
300051.SZ,2023-10-17,11.99,11.99,11.62,11.7,11.84,-0.14000000000000057,-1.18,23114.0,27041.932
300051.SZ,2023-10-18,11.69,11.79,11.46,11.68,11.7,-0.019999999999999574,-0.17,28194.01,32687.007
300051.SZ,2023-10-19,11.66,11.82,11.55,11.55,11.68,-0.129999999999999,-1.11,21089.0,24661.378
300051.SZ,2023-10-20,11.58,11.65,11.27,11.34,11.55,-0.21000000000000085,-1.82,30774.85,35066.571
300051.SZ,2023-10-23,11.34,12.0,11.13,11.14,11.34,-0.1999999999999993,-1.76,45601.8,52606.238
300051.SZ,2023-10-24,11.21,11.69,11.15,11.63,11.14,0.4900000000000002,4.4,48820.0,56148.122
300051.SZ,2023-10-25,11.63,11.9,11.34,11.35,11.63,-0.28000000000000114,-2.41,42145.01,48923.213
300051.SZ,2023-10-26,11.36,11.4,11.09,11.15,11.35,-0.1999999999999993,-1.76,37654.96,42355.583
300051.SZ,2023-10-27,11.12,11.34,10.9,11.34,11.15,0.1899999999999995,1.7,42359.02,47196.498
300051.SZ,2023-10-30,11.45,11.45,11.2,11.36,11.34,0.019999999999999574,0.18,29466.08,33364.532
300051.SZ,2023-10-31,11.46,11.46,11.09,11.18,11.36,-0.17999999999999972,-1.58,43022.0,48161.272
300051.SZ,2023-11-01,11.13,11.4,11.1,11.21,11.18,0.030000000000001137,0.27,26314.13,29626.843
300051.SZ,2023-11-02,11.28,11.49,11.15,11.28,11.21,0.06999999999999851,0.62,44591.0,50629.518
300051.SZ,2023-11-03,11.33,11.46,11.12,11.39,11.28,0.11000000000000121,0.98,40386.0,45861.769
300051.SZ,2023-11-06,11.45,11.96,11.41,11.91,11.39,0.5199999999999996,4.57,52750.01,62136.951
300051.SZ,2023-11-07,12.04,12.12,11.85,12.1,11.91,0.1899999999999995,1.6,37353.0,44898.049
300051.SZ,2023-11-08,12.15,12.26,11.98,12.04,12.1,-0.0600000000000005,-0.5,47265.0,57284.994
300051.SZ,2023-11-09,12.04,12.14,11.9,11.94,12.04,-0.09999999999999964,-0.83,30425.01,36478.587
300051.SZ,2023-11-10,11.9,12.04,11.79,11.9,11.94,-0.03999999999999915,-0.34,24860.0,29586.318
300051.SZ,2023-11-13,12.0,12.6,12.0,12.18,11.9,0.27999999999999936,2.35,51246.0,62709.328
300051.SZ,2023-11-14,12.27,12.27,12.03,12.06,12.18,-0.11999999999999922,-0.99,24527.0,29658.043
300051.SZ,2023-11-15,12.09,12.44,12.09,12.17,12.06,0.10999999999999943,0.91,39279.04,47903.713
300051.SZ,2023-11-16,12.1,12.18,12.03,12.08,12.17,-0.08999999999999986,-0.74,26791.0,32410.155
300051.SZ,2023-11-17,12.12,12.17,11.92,11.97,12.08,-0.10999999999999943,-0.91,26025.0,31296.618
300051.SZ,2023-11-20,12.05,12.05,11.77,11.89,11.97,-0.08000000000000007,-0.67,35777.0,42490.626
300051.SZ,2023-11-21,11.89,12.03,11.8,11.82,11.89,-0.07000000000000028,-0.59,24163.0,28732.827
300051.SZ,2023-11-22,11.82,11.98,11.74,11.78,11.82,-0.040000000000000924,-0.34,25814.0,30560.981
300051.SZ,2023-11-23,11.81,11.82,11.46,11.61,11.78,-0.16999999999999993,-1.44,45365.77,52562.662
300051.SZ,2023-11-24,11.6,11.7,11.2,11.32,11.61,-0.28999999999999915,-2.5,38479.0,43866.019
300051.SZ,2023-11-27,11.2,11.38,11.02,11.12,11.32,-0.20000000000000107,-1.77,38827.02,43553.952
300051.SZ,2023-11-28,11.18,11.29,10.98,11.23,11.12,0.11000000000000121,0.99,36865.0,41084.328
300051.SZ,2023-11-29,11.28,11.5,11.16,11.4,11.23,0.16999999999999993,1.51,48971.0,55590.378
300051.SZ,2023-11-30,11.4,11.7,11.18,11.22,11.4,-0.17999999999999972,-1.58,53071.0,60637.011
300051.SZ,2023-12-01,11.32,11.77,11.21,11.66,11.22,0.4399999999999995,3.92,62817.04,72437.949
300051.SZ,2023-12-04,11.66,11.92,11.66,11.69,11.66,0.02999999999999936,0.26,40131.1,47111.646
300051.SZ,2023-12-05,11.7,11.8,11.4,11.41,11.69,-0.27999999999999936,-2.4,43332.03,50028.09
300051.SZ,2023-12-06,11.41,11.65,11.23,11.53,11.41,0.11999999999999922,1.05,31219.0,35597.28
300051.SZ,2023-12-07,11.54,11.79,11.46,11.58,11.53,0.05000000000000071,0.43,39591.53,45895.352
300051.SZ,2023-12-08,11.56,11.71,11.37,11.41,11.58,-0.16999999999999993,-1.47,31164.0,35797.156
300051.SZ,2023-12-11,11.41,11.43,11.16,11.4,11.41,-0.009999999999999787,-0.09,43106.04,48667.445
300051.SZ,2023-12-12,11.7,11.7,11.32,11.47,11.4,0.07000000000000028,0.61,25809.0,29505.866
300051.SZ,2023-12-13,11.42,11.51,11.26,11.29,11.47,-0.1800000000000015,-1.57,23422.0,26651.226
300051.SZ,2023-12-14,11.3,11.45,11.16,11.17,11.29,-0.11999999999999922,-1.06,21708.53,24519.212
300051.SZ,2023-12-15,11.24,11.38,11.06,11.24,11.17,0.07000000000000028,0.63,28878.0,32351.504
300051.SZ,2023-12-18,11.12,11.39,11.01,11.03,11.24,-0.21000000000000085,-1.87,34919.7,38924.709
300051.SZ,2023-12-19,11.0,11.16,10.96,11.09,11.03,0.0600000000000005,0.54,22346.83,24749.926
300051.SZ,2023-12-20,11.09,11.23,10.87,10.88,11.09,-0.20999999999999908,-1.89,27805.0,30654.497
300051.SZ,2023-12-21,10.9,10.98,10.72,10.97,10.88,0.08999999999999986,0.83,28829.04,31319.591
300051.SZ,2023-12-22,11.0,11.1,10.4,10.43,10.97,-0.5400000000000009,-4.92,58661.13,62234.795
300051.SZ,2023-12-25,10.39,10.5,10.0,10.42,10.43,-0.009999999999999787,-0.1,53627.13,55241.076
300051.SZ,2023-12-26,10.56,10.56,10.1,10.2,10.42,-0.22000000000000064,-2.11,33100.93,33782.217
300051.SZ,2023-12-27,10.2,10.31,10.14,10.22,10.2,0.02000000000000135,0.2,22560.0,23037.154
300051.SZ,2023-12-28,10.3,11.9,10.02,11.64,10.22,1.42,13.89,151870.48,168651.51
300051.SZ,2023-12-29,11.58,11.77,11.29,11.31,11.64,-0.33000000000000007,-2.84,97125.38,111848.006
300051.SZ,2024-01-02,11.29,11.42,11.04,11.3,11.31,-0.009999999999999787,-0.09,50539.56,57075.709
300051.SZ,2024-01-03,11.33,11.65,11.16,11.23,11.3,-0.07000000000000028,-0.62,43952.0,49860.509
300051.SZ,2024-01-04,11.16,11.23,10.95,11.1,11.23,-0.13000000000000078,-1.16,35914.01,39705.423
300051.SZ,2024-01-05,11.1,11.16,10.65,10.7,11.1,-0.40000000000000036,-3.6,38694.01,42009.003
300051.SZ,2024-01-08,10.6,10.81,10.6,10.61,10.7,-0.08999999999999986,-0.84,31199.01,33355.692
300051.SZ,2024-01-09,10.47,11.15,10.47,10.64,10.61,0.030000000000001137,0.28,46456.36,50195.029
300051.SZ,2024-01-10,10.56,11.23,10.42,10.89,10.64,0.25,2.35,73657.11,80653.631
300051.SZ,2024-01-11,10.8,11.64,10.8,11.27,10.89,0.379999999999999,3.49,79773.56,90075.524
300051.SZ,2024-01-12,11.16,11.63,10.95,11.13,11.27,-0.1399999999999988,-1.24,78211.02,88581.187
300051.SZ,2024-01-15,11.12,11.24,10.93,11.05,11.13,-0.08000000000000007,-0.72,41130.1,45597.53
300051.SZ,2024-01-16,11.05,11.28,10.88,11.04,11.05,-0.010000000000001563,-0.09,39911.53,44075.455
300051.SZ,2024-01-17,11.0,11.18,10.9,10.93,11.04,-0.10999999999999943,-1.0,27497.07,30293.682
300051.SZ,2024-01-18,10.83,10.95,10.48,10.82,10.93,-0.10999999999999943,-1.01,35899.58,38463.027
300051.SZ,2024-01-19,10.75,10.89,10.47,10.47,10.82,-0.34999999999999964,-3.23,30760.65,32712.572
300051.SZ,2024-01-22,10.47,10.55,9.81,9.9,10.47,-0.5700000000000003,-5.44,43542.0,44454.829
300051.SZ,2024-01-23,9.95,10.09,9.7,9.93,9.9,0.02999999999999936,0.3,48665.0,48114.629
300051.SZ,2024-01-24,9.93,10.05,9.51,9.85,9.93,-0.08000000000000007,-0.81,36729.0,35787.227
300051.SZ,2024-01-25,9.85,10.01,9.65,9.99,9.85,0.14000000000000057,1.42,28903.01,28486.473
300051.SZ,2024-01-26,10.01,10.48,9.99,10.14,9.99,0.15000000000000036,1.5,31721.01,32354.828
300051.SZ,2024-01-29,10.15,10.18,9.57,9.61,10.14,-0.5300000000000011,-5.23,36679.02,35888.364
300051.SZ,2024-01-30,9.59,9.68,9.35,9.35,9.61,-0.2599999999999998,-2.71,20336.0,19336.852
300051.SZ,2024-01-31,9.3,9.44,8.69,8.74,9.35,-0.6099999999999994,-6.52,35090.01,31707.798
300051.SZ,2024-02-01,8.66,8.83,8.36,8.54,8.74,-0.20000000000000107,-2.29,47640.02,40747.294
300051.SZ,2024-02-02,8.54,8.75,7.62,8.08,8.54,-0.4599999999999991,-5.39,74060.0,60395.037
300051.SZ,2024-02-05,8.04,8.04,6.8,6.89,8.08,-1.1900000000000004,-14.73,91778.66,65745.56
300051.SZ,2024-02-06,6.0,7.75,6.0,7.53,6.89,0.6400000000000006,9.29,100650.37,69863.247
300051.SZ,2024-02-07,7.55,7.69,6.61,6.69,7.53,-0.8399999999999999,-11.16,80995.06,57609.799
300051.SZ,2024-02-08,6.9,7.46,6.72,7.45,6.69,0.7599999999999998,11.36,66346.68,47434.656
300051.SZ,2024-02-19,7.59,8.94,7.47,8.55,7.45,1.1000000000000005,14.77,115195.72,98497.557
300051.SZ,2024-02-20,8.57,8.6,8.33,8.53,8.55,-0.02000000000000135,-0.23,55214.49,46743.339
300051.SZ,2024-02-21,8.39,9.0,8.35,8.77,8.53,0.2400000000000002,2.81,52093.26,45887.356
300051.SZ,2024-02-22,8.63,9.35,8.63,9.15,8.77,0.3800000000000008,4.33,51949.0,47424.403
300051.SZ,2024-02-23,9.29,9.38,9.09,9.35,9.15,0.1999999999999993,2.19,42069.3,38923.559
300051.SZ,2024-02-26,9.35,9.83,9.22,9.52,9.35,0.16999999999999993,1.82,48188.02,45916.8
300051.SZ,2024-02-27,9.53,9.85,9.32,9.78,9.52,0.2599999999999998,2.73,43804.67,41989.216
300051.SZ,2024-02-28,9.81,10.23,9.03,9.03,9.78,-0.75,-7.67,67929.0,65872.504
300051.SZ,2024-02-29,9.07,9.45,9.0,9.35,9.03,0.3200000000000003,3.54,34867.02,32462.196
300051.SZ,2024-03-01,9.62,9.62,9.23,9.41,9.35,0.0600000000000005,0.64,28719.04,26928.952
300051.SZ,2024-03-04,9.39,9.56,9.17,9.37,9.41,-0.040000000000000924,-0.43,31587.01,29478.19
300051.SZ,2024-03-05,9.24,9.45,8.92,8.97,9.37,-0.3999999999999986,-4.27,41442.01,37874.922
300051.SZ,2024-03-06,8.99,9.99,8.99,9.66,8.97,0.6899999999999995,7.69,99728.0,94433.032
300051.SZ,2024-03-07,10.0,10.03,9.45,9.56,9.66,-0.09999999999999964,-1.04,53946.01,52663.001
300051.SZ,2024-03-08,9.59,10.42,9.5,10.18,9.56,0.6199999999999992,6.49,80198.02,80925.24
300051.SZ,2024-03-11,10.18,10.76,10.09,10.51,10.18,0.33000000000000007,3.24,69993.97,72952.772
300051.SZ,2024-03-12,10.55,10.65,10.01,10.15,10.51,-0.35999999999999943,-3.43,59310.0,60968.716
300051.SZ,2024-03-13,10.21,10.36,10.03,10.2,10.15,0.049999999999998934,0.49,38933.01,39641.489
300051.SZ,2024-03-14,10.2,10.24,9.94,10.04,10.2,-0.16000000000000014,-1.57,34024.0,34214.663
300051.SZ,2024-03-15,10.04,10.05,9.81,10.0,10.04,-0.03999999999999915,-0.4,32887.01,32604.603
300051.SZ,2024-03-18,10.26,10.47,10.11,10.21,10.0,0.21000000000000085,2.1,37524.03,38410.696
300051.SZ,2024-03-19,10.2,10.27,10.1,10.23,10.21,0.019999999999999574,0.2,27882.01,28460.208
300051.SZ,2024-03-20,10.45,11.15,10.43,10.66,10.23,0.4299999999999997,4.2,103482.12,110809.635
300051.SZ,2024-03-21,10.66,10.71,10.31,10.36,10.66,-0.3000000000000007,-2.81,57020.01,59679.892
300051.SZ,2024-03-22,10.36,10.44,10.06,10.27,10.36,-0.08999999999999986,-0.87,38700.0,39614.291
300051.SZ,2024-03-25,10.29,10.55,10.09,10.11,10.27,-0.16000000000000014,-1.56,44567.12,46143.969
300051.SZ,2024-03-26,10.11,10.14,9.9,10.02,10.11,-0.08999999999999986,-0.89,38992.0,38984.761
300051.SZ,2024-03-27,9.95,10.2,9.59,9.59,10.02,-0.4299999999999997,-4.29,32783.02,32355.238
300051.SZ,2024-03-28,9.7,9.95,9.58,9.84,9.59,0.25,2.61,28315.32,27818.939
300051.SZ,2024-03-29,9.65,9.94,9.6,9.7,9.84,-0.14000000000000057,-1.42,29605.0,28797.861
300051.SZ,2024-04-01,9.99,9.99,9.76,9.82,9.7,0.120000000000001,1.24,29567.1,29126.948
300051.SZ,2024-04-02,10.3,10.55,9.92,10.17,9.82,0.34999999999999964,3.56,64478.43,66275.336
300051.SZ,2024-04-03,10.0,10.17,9.81,9.83,10.17,-0.33999999999999986,-3.34,31705.01,31415.935
300051.SZ,2024-04-08,9.78,9.78,9.45,9.45,9.83,-0.3800000000000008,-3.87,30127.95,28815.91
300051.SZ,2024-04-09,9.46,9.66,9.46,9.64,9.45,0.19000000000000128,2.01,14315.01,13720.268
300051.SZ,2024-04-10,9.64,9.65,9.0,9.15,9.64,-0.4900000000000002,-5.08,39946.0,36769.79
300051.SZ,2024-04-11,9.13,9.29,9.05,9.14,9.15,-0.009999999999999787,-0.11,20478.0,18823.503
300051.SZ,2024-04-12,9.29,9.33,9.05,9.11,9.14,-0.030000000000001137,-0.33,16870.0,15441.313
300051.SZ,2024-04-15,9.29,9.29,8.41,8.76,9.11,-0.34999999999999964,-3.84,35653.03,31555.399
300051.SZ,2024-04-16,8.7,8.75,7.86,7.87,8.76,-0.8899999999999997,-10.16,50925.08,41233.261
300051.SZ,2024-04-17,7.88,8.33,7.87,8.27,7.87,0.39999999999999947,5.08,39688.0,32689.843
300051.SZ,2024-04-18,8.21,8.25,7.93,7.95,8.27,-0.3199999999999994,-3.87,40292.08,32525.314
300051.SZ,2024-04-19,7.97,8.0,7.79,7.82,7.95,-0.1299999999999999,-1.64,25188.01,19816.195
300051.SZ,2024-04-22,7.75,7.95,7.54,7.9,7.82,0.08000000000000007,1.02,25423.01,19816.255
300051.SZ,2024-04-23,7.98,8.08,7.85,7.92,7.9,0.019999999999999574,0.25,20608.01,16382.147
300051.SZ,2024-04-24,7.95,8.13,7.91,8.08,7.92,0.16000000000000014,2.02,25646.0,20642.06
300051.SZ,2024-04-25,8.02,8.14,7.98,8.02,8.08,-0.0600000000000005,-0.74,24468.0,19717.463
300051.SZ,2024-04-26,8.06,8.33,7.91,8.21,8.02,0.19000000000000128,2.37,39208.07,32058.228
300051.SZ,2024-04-29,8.28,8.55,8.28,8.54,8.21,0.3299999999999983,4.02,32093.03,27173.115
300051.SZ,2024-04-30,8.5,8.62,8.39,8.45,8.54,-0.08999999999999986,-1.05,23376.08,19802.584
300051.SZ,2024-05-06,8.59,8.74,8.38,8.46,8.45,0.010000000000001563,0.12,35221.0,30056.974
300051.SZ,2024-05-07,8.44,8.57,8.14,8.19,8.46,-0.27000000000000135,-3.19,37155.0,30706.698
300051.SZ,2024-05-08,8.18,8.23,7.8,7.88,8.19,-0.3099999999999996,-3.79,39826.05,31739.724
300051.SZ,2024-05-09,7.96,8.21,7.96,8.06,7.88,0.1800000000000006,2.28,34696.0,28148.412
300051.SZ,2024-05-10,8.02,8.24,7.74,7.9,8.06,-0.16000000000000014,-1.99,28710.0,22689.753
300051.SZ,2024-05-13,7.94,7.94,7.57,7.66,7.9,-0.2400000000000002,-3.04,29896.36,23074.36
300051.SZ,2024-05-14,7.57,7.85,7.57,7.79,7.66,0.1299999999999999,1.7,23635.0,18370.999
300051.SZ,2024-05-15,7.8,7.96,7.77,7.8,7.79,0.009999999999999787,0.13,24163.0,19009.298
300051.SZ,2024-05-16,7.8,7.97,7.69,7.73,7.8,-0.0699999999999994,-0.9,21902.0,17073.96
300051.SZ,2024-05-17,7.77,7.84,7.63,7.73,7.73,0.0,0.0,19482.01,15010.182
300051.SZ,2024-05-20,7.84,8.38,7.72,8.16,7.73,0.4299999999999997,5.56,65726.0,53292.717
300051.SZ,2024-05-21,8.49,8.49,8.02,8.22,8.16,0.0600000000000005,0.74,63734.0,52121.876
300051.SZ,2024-05-22,8.2,9.67,8.1,9.08,8.22,0.8599999999999994,10.46,180027.02,163825.337
300051.SZ,2024-05-23,9.12,9.53,8.78,8.85,9.08,-0.23000000000000043,-2.53,136810.82,124169.219
300051.SZ,2024-05-24,8.61,8.96,8.26,8.29,8.85,-0.5600000000000005,-6.33,94759.16,80831.37
300051.SZ,2024-05-27,8.25,8.34,7.77,7.84,8.29,-0.4499999999999993,-5.43,59496.16,46983.603
300051.SZ,2024-05-28,7.9,8.03,7.55,8.03,7.84,0.1899999999999995,2.42,55083.0,43268.686
300051.SZ,2024-05-29,7.99,9.64,7.95,9.3,8.03,1.2700000000000014,15.82,296110.27,279865.313
300051.SZ,2024-05-30,8.85,8.86,8.42,8.67,9.3,-0.6300000000000008,-6.77,223852.74,192380.545
300051.SZ,2024-05-31,8.45,8.6,8.28,8.35,8.67,-0.3200000000000003,-3.69,106877.17,89626.302
300051.SZ,2024-06-03,8.48,8.9,8.3,8.7,8.35,0.34999999999999964,4.19,133871.67,114903.365
300051.SZ,2024-06-04,8.39,9.17,8.0,8.66,8.7,-0.03999999999999915,-0.46,163161.67,141453.694
300051.SZ,2024-06-05,8.85,8.86,8.4,8.45,8.66,-0.21000000000000085,-2.42,70836.0,60490.497
300051.SZ,2024-06-06,8.43,8.74,8.1,8.15,8.45,-0.29999999999999893,-3.55,80613.0,67212.59
300051.SZ,2024-06-07,8.16,8.34,8.03,8.25,8.15,0.09999999999999964,1.23,60141.0,49238.22
300051.SZ,2024-06-11,8.28,8.28,7.82,8.13,8.25,-0.11999999999999922,-1.45,47842.0,38585.962
300051.SZ,2024-06-12,8.14,8.21,7.95,8.08,8.13,-0.05000000000000071,-0.62,41547.0,33515.075
300051.SZ,2024-06-13,7.98,8.16,7.94,7.98,8.08,-0.09999999999999964,-1.24,38347.0,30849.992
300051.SZ,2024-06-14,7.95,8.14,7.85,8.13,7.98,0.15000000000000036,1.88,42726.7,34044.756
300051.SZ,2024-06-17,8.0,8.15,7.95,8.0,8.13,-0.13000000000000078,-1.6,36396.0,29207.346
300051.SZ,2024-06-18,7.91,8.05,7.91,7.98,8.0,-0.019999999999999574,-0.25,29231.0,23344.587
300051.SZ,2024-06-19,8.01,8.17,7.91,7.99,7.98,0.009999999999999787,0.13,28949.01,23224.872
300051.SZ,2024-06-20,7.95,8.04,7.64,7.65,7.99,-0.33999999999999986,-4.26,42078.0,32517.027
300051.SZ,2024-06-21,7.61,7.91,7.61,7.72,7.65,0.0699999999999994,0.92,24401.0,18973.616
300051.SZ,2024-06-24,7.58,7.64,7.23,7.35,7.72,-0.3700000000000001,-4.79,28512.64,21257.115
300051.SZ,2024-06-25,7.37,7.49,7.2,7.4,7.35,0.05000000000000071,0.68,23608.0,17397.893
300051.SZ,2024-06-26,7.25,7.68,7.23,7.65,7.4,0.25,3.38,23267.04,17495.99
300051.SZ,2024-06-27,7.66,7.72,7.5,7.54,7.65,-0.11000000000000032,-1.44,19032.0,14446.526
300051.SZ,2024-06-28,7.47,7.64,7.42,7.46,7.54,-0.08000000000000007,-1.06,20073.0,15111.4
300051.SZ,2024-07-01,7.47,7.68,7.31,7.63,7.46,0.16999999999999993,2.28,19871.0,14893.591
300051.SZ,2024-07-02,7.58,7.79,7.56,7.71,7.63,0.08000000000000007,1.05,17412.0,13425.676
300051.SZ,2024-07-03,7.77,7.78,7.57,7.6,7.71,-0.11000000000000032,-1.43,11801.0,9006.872
300051.SZ,2024-07-04,7.61,7.62,7.26,7.28,7.6,-0.3199999999999994,-4.21,16890.0,12505.897
300051.SZ,2024-07-05,7.28,7.42,7.19,7.32,7.28,0.040000000000000036,0.55,16021.0,11735.919
300051.SZ,2024-07-08,7.32,7.35,7.05,7.08,7.32,-0.2400000000000002,-3.28,21630.0,15509.499
300051.SZ,2024-07-09,7.08,7.19,6.83,7.18,7.08,0.09999999999999964,1.41,22488.0,15849.79
300051.SZ,2024-07-10,7.15,7.6,7.05,7.29,7.18,0.11000000000000032,1.53,28163.1,20579.442
300051.SZ,2024-07-11,7.47,7.69,7.24,7.36,7.29,0.07000000000000028,0.96,30110.0,22433.581
300051.SZ,2024-07-12,7.3,7.58,7.25,7.3,7.36,-0.0600000000000005,-0.82,23531.0,17411.504
300051.SZ,2024-07-15,7.15,7.45,7.0,7.02,7.3,-0.28000000000000025,-3.84,32950.0,23414.532
300051.SZ,2024-07-16,7.0,7.11,6.62,6.65,7.02,-0.3699999999999992,-5.27,47211.33,31940.673
300051.SZ,2024-07-17,6.67,6.88,6.3,6.36,6.65,-0.29000000000000004,-4.36,62796.01,40872.611
300051.SZ,2024-07-18,6.25,6.54,6.19,6.43,6.36,0.0699999999999994,1.1,39987.13,25505.131
300051.SZ,2024-07-19,6.42,6.52,6.27,6.3,6.43,-0.1299999999999999,-2.02,36524.0,23270.898
300051.SZ,2024-07-22,6.26,6.43,6.26,6.38,6.3,0.08000000000000007,1.27,29295.01,18632.094
300051.SZ,2024-07-23,6.46,6.48,6.24,6.25,6.38,-0.1299999999999999,-2.04,29203.09,18632.341
300051.SZ,2024-07-24,6.26,6.34,6.0,6.02,6.25,-0.23000000000000043,-3.68,40953.0,25014.547
300051.SZ,2024-07-25,6.02,6.29,5.98,6.14,6.02,0.1200000000000001,1.99,37883.1,23300.382
300051.SZ,2024-07-26,6.1,6.25,6.07,6.16,6.14,0.020000000000000462,0.33,25642.0,15815.69
300051.SZ,2024-07-29,6.17,6.24,6.09,6.19,6.16,0.03000000000000025,0.49,20295.0,12532.719
300051.SZ,2024-07-30,6.17,6.3,6.15,6.24,6.19,0.04999999999999982,0.81,23054.0,14367.944
300051.SZ,2024-07-31,6.35,6.45,6.2,6.44,6.24,0.20000000000000018,3.21,33555.95,21357.815
300051.SZ,2024-08-01,6.45,6.65,6.33,6.4,6.44,-0.040000000000000036,-0.62,30800.02,19830.998
300051.SZ,2024-08-02,6.35,6.52,6.28,6.3,6.4,-0.10000000000000053,-1.56,24911.0,15894.525
300051.SZ,2024-08-05,6.23,6.48,6.09,6.1,6.3,-0.20000000000000018,-3.17,30369.0,18984.258
300051.SZ,2024-08-06,6.18,7.2,6.15,6.73,6.1,0.6300000000000008,10.33,116887.64,77955.686
300051.SZ,2024-08-07,6.65,7.45,6.42,7.03,6.73,0.2999999999999998,4.46,149152.84,101577.897
300051.SZ,2024-08-08,6.8,7.18,6.62,6.75,7.03,-0.28000000000000025,-3.98,119538.32,81597.531
300051.SZ,2024-08-09,6.65,6.91,6.43,6.48,6.75,-0.2699999999999996,-4.0,77341.12,51510.102
300051.SZ,2024-08-12,6.6,6.8,6.41,6.53,6.48,0.04999999999999982,0.77,51274.0,33643.622
300051.SZ,2024-08-13,6.43,6.99,6.26,6.72,6.53,0.1899999999999995,2.91,87797.0,58204.398
300051.SZ,2024-08-14,6.7,6.78,6.52,6.53,6.72,-0.1899999999999995,-2.83,54841.38,36351.977
300051.SZ,2024-08-15,6.49,6.71,6.35,6.54,6.53,0.009999999999999787,0.15,58427.58,38095.206
300051.SZ,2024-08-16,6.57,6.72,6.43,6.59,6.54,0.04999999999999982,0.76,57899.0,38044.31
300051.SZ,2024-08-19,6.5,6.61,6.4,6.46,6.59,-0.1299999999999999,-1.97,39068.0,25398.937
300051.SZ,2024-08-20,6.4,6.52,6.33,6.36,6.46,-0.09999999999999964,-1.55,40428.0,25924.294
300051.SZ,2024-08-21,6.28,6.41,6.18,6.22,6.36,-0.14000000000000057,-2.2,37695.0,23624.99
300051.SZ,2024-08-22,6.19,6.34,6.05,6.07,6.22,-0.14999999999999947,-2.41,37795.57,23321.489
300051.SZ,2024-08-23,6.06,6.17,6.01,6.12,6.07,0.04999999999999982,0.82,25848.0,15769.896
300051.SZ,2024-08-26,6.05,6.31,6.05,6.22,6.12,0.09999999999999964,1.63,30656.0,19072.667
300051.SZ,2024-08-27,6.16,6.26,6.05,6.1,6.22,-0.1200000000000001,-1.93,35600.0,21908.168
300051.SZ,2024-08-28,6.02,6.16,5.95,6.11,6.1,0.010000000000000675,0.16,25464.05,15485.904
300051.SZ,2024-08-29,6.11,6.5,6.04,6.35,6.11,0.23999999999999932,3.93,61509.0,38841.348
300051.SZ,2024-08-30,6.32,6.57,6.32,6.45,6.35,0.10000000000000053,1.57,54551.0,35352.425
300051.SZ,2024-09-02,6.39,6.53,6.24,6.27,6.45,-0.1800000000000006,-2.79,34411.0,21960.589
300051.SZ,2024-09-03,6.24,6.4,6.24,6.34,6.27,0.07000000000000028,1.12,26828.04,16954.987
300051.SZ,2024-09-04,6.3,6.54,6.26,6.36,6.34,0.020000000000000462,0.32,35168.0,22488.055
300051.SZ,2024-09-05,6.45,7.63,6.35,7.42,6.36,1.0599999999999996,16.67,344094.1,255347.88
300051.SZ,2024-09-06,6.9,7.15,6.65,7.07,7.42,-0.34999999999999964,-4.72,314974.58,215478.591
300051.SZ,2024-09-09,6.83,7.22,6.72,6.79,7.07,-0.28000000000000025,-3.96,161531.24,111078.176
300051.SZ,2024-09-10,6.79,6.94,6.59,6.77,6.79,-0.020000000000000462,-0.29,125759.01,84836.579
300051.SZ,2024-09-11,6.68,7.09,6.66,6.84,6.77,0.07000000000000028,1.03,135118.15,93134.488
300051.SZ,2024-09-12,6.8,7.04,6.69,6.72,6.84,-0.1200000000000001,-1.75,123391.46,84382.946
300051.SZ,2024-09-13,6.64,6.76,6.48,6.53,6.72,-0.1899999999999995,-2.83,100462.0,66055.819
300051.SZ,2024-09-18,6.61,6.64,6.24,6.36,6.53,-0.16999999999999993,-2.6,80081.58,51063.832
300051.SZ,2024-09-19,6.45,6.85,6.32,6.6,6.36,0.23999999999999932,3.77,123485.03,82108.811
300051.SZ,2024-09-20,6.55,6.74,6.55,6.68,6.6,0.08000000000000007,1.21,71669.0,47557.433
300051.SZ,2024-09-23,6.65,6.73,6.56,6.59,6.68,-0.08999999999999986,-1.35,55866.0,36902.73
300051.SZ,2024-09-24,6.59,6.88,6.51,6.88,6.59,0.29000000000000004,4.4,106863.0,72186.743
300051.SZ,2024-09-25,6.85,7.09,6.85,6.9,6.88,0.020000000000000462,0.29,100293.59,69835.013
300051.SZ,2024-09-26,6.88,7.26,6.87,7.14,6.9,0.23999999999999932,3.48,98182.39,69388.81
300051.SZ,2024-09-27,7.3,7.99,7.14,7.88,7.14,0.7400000000000002,10.36,200176.48,153744.462
300051.SZ,2024-09-30,8.31,9.28,7.96,9.01,7.88,1.13,14.34,287650.61,245043.844
300051.SZ,2024-10-08,10.61,10.73,9.01,10.0,9.01,0.9900000000000002,10.99,295201.95,290863.589
300051.SZ,2024-10-09,9.6,9.61,8.2,8.3,10.0,-1.6999999999999993,-17.0,224472.02,199341.958
300051.SZ,2024-10-10,8.47,8.86,8.06,8.2,8.3,-0.10000000000000142,-1.2,113273.21,93957.213
300051.SZ,2024-10-11,8.16,8.16,7.55,7.73,8.2,-0.46999999999999886,-5.73,102343.87,79804.506
300051.SZ,2024-10-14,7.7,8.3,7.62,8.21,7.73,0.4800000000000004,6.21,119018.0,94955.035
300051.SZ,2024-10-15,8.14,8.53,8.02,8.18,8.21,-0.030000000000001137,-0.37,108900.0,90388.17
300051.SZ,2024-10-16,8.05,8.79,7.9,8.44,8.18,0.2599999999999998,3.18,137147.73,115509.906
300051.SZ,2024-10-17,8.44,8.74,8.38,8.4,8.44,-0.03999999999999915,-0.47,75969.0,64967.861
300051.SZ,2024-10-18,8.22,8.92,8.22,8.7,8.4,0.29999999999999893,3.57,105026.71,90163.958
300051.SZ,2024-10-21,8.8,9.65,8.8,9.19,8.7,0.4900000000000002,5.63,206263.15,192436.54
300051.SZ,2024-10-22,9.06,9.34,8.78,9.04,9.19,-0.15000000000000036,-1.63,136990.52,122565.923
300051.SZ,2024-10-23,8.96,9.58,8.85,9.21,9.04,0.1700000000000017,1.88,157972.6,146079.05
300051.SZ,2024-10-24,9.1,9.16,8.73,8.78,9.21,-0.4300000000000015,-4.67,80033.01,71023.459
300051.SZ,2024-10-25,8.91,9.5,8.91,9.3,8.78,0.5200000000000014,5.92,141064.12,130418.846
300051.SZ,2024-10-28,9.36,10.26,9.3,9.67,9.3,0.3699999999999992,3.98,174844.09,172224.377
300051.SZ,2024-10-29,9.99,10.2,9.38,9.44,9.67,-0.23000000000000043,-2.38,124949.01,121645.783
300051.SZ,2024-10-30,9.3,9.5,9.12,9.26,9.44,-0.17999999999999972,-1.91,87053.1,80927.24
300051.SZ,2024-10-31,9.35,9.98,9.35,9.58,9.26,0.3200000000000003,3.46,111057.99,106730.404
300051.SZ,2024-11-01,9.54,9.57,8.78,8.84,9.58,-0.7400000000000002,-7.72,112129.0,101447.228
300051.SZ,2024-11-04,8.8,9.02,8.64,8.93,8.84,0.08999999999999986,1.02,59395.01,52455.474
300051.SZ,2024-11-05,8.93,9.68,8.88,9.39,8.93,0.46000000000000085,5.15,104660.01,97927.819
300051.SZ,2024-11-06,9.5,10.1,9.45,9.65,9.39,0.2599999999999998,2.77,200350.53,196806.882
300051.SZ,2024-11-07,9.5,9.76,9.13,9.58,9.65,-0.07000000000000028,-0.73,108240.0,101593.068
300051.SZ,2024-11-08,9.68,9.76,9.4,9.43,9.58,-0.15000000000000036,-1.57,83619.01,79771.477
300051.SZ,2024-11-11,9.48,9.8,9.4,9.74,9.43,0.3100000000000005,3.29,133913.1,128745.932
300051.SZ,2024-11-12,9.79,9.98,9.26,9.36,9.74,-0.3800000000000008,-3.9,105013.48,100524.201
300051.SZ,2024-11-13,9.31,9.74,9.21,9.71,9.36,0.3500000000000014,3.74,108816.49,103993.69
300051.SZ,2024-11-14,9.67,11.15,9.45,9.55,9.71,-0.16000000000000014,-1.65,244680.12,245953.891
300051.SZ,2024-11-15,9.38,9.74,9.07,9.09,9.55,-0.46000000000000085,-4.82,164855.01,154370.341
300051.SZ,2024-11-18,9.05,9.19,8.21,8.35,9.09,-0.7400000000000002,-8.14,121333.0,103637.186
300051.SZ,2024-11-19,8.35,8.7,8.26,8.7,8.35,0.34999999999999964,4.19,77580.11,65939.186
300051.SZ,2024-11-20,8.7,8.98,8.63,8.91,8.7,0.21000000000000085,2.41,67219.58,59304.755
300051.SZ,2024-11-21,9.12,9.95,9.08,9.3,8.91,0.39000000000000057,4.38,151640.62,142165.558
300051.SZ,2024-11-22,9.23,9.26,8.71,8.71,9.3,-0.5899999999999999,-6.34,126377.64,113632.653
300051.SZ,2024-11-25,8.73,8.73,8.29,8.53,8.71,-0.1800000000000015,-2.07,115239.0,97289.881
300051.SZ,2024-11-26,8.53,8.8,8.3,8.46,8.53,-0.06999999999999851,-0.82,86198.0,73632.133
300051.SZ,2024-11-27,8.35,8.74,8.11,8.73,8.46,0.2699999999999996,3.19,80193.51,67265.344
300051.SZ,2024-11-28,8.72,9.03,8.59,8.64,8.73,-0.08999999999999986,-1.03,60939.0,53686.356
300051.SZ,2024-11-29,8.59,8.78,8.4,8.62,8.64,-0.02000000000000135,-0.23,64795.89,55857.064
300051.SZ,2024-12-02,8.66,9.03,8.47,8.84,8.62,0.22000000000000064,2.55,99794.53,87448.88
300051.SZ,2024-12-03,8.9,8.98,8.62,8.88,8.84,0.040000000000000924,0.45,93502.3,82386.374
300051.SZ,2024-12-04,8.88,8.88,8.43,8.52,8.88,-0.3600000000000012,-4.05,82274.7,70913.956
300051.SZ,2024-12-05,8.5,8.74,8.5,8.72,8.52,0.20000000000000107,2.35,48655.6,42214.342
300051.SZ,2024-12-06,8.66,8.84,8.55,8.72,8.72,0.0,0.0,73555.8,63971.664
300051.SZ,2024-12-09,8.87,8.87,8.56,8.63,8.72,-0.08999999999999986,-1.03,73611.0,63856.573
300051.SZ,2024-12-10,8.85,8.9,8.63,8.67,8.63,0.03999999999999915,0.46,87055.0,76382.602
300051.SZ,2024-12-11,8.6,8.74,8.58,8.69,8.67,0.019999999999999574,0.23,64604.0,55827.1
300051.SZ,2024-12-12,8.75,8.88,8.6,8.76,8.69,0.07000000000000028,0.81,78984.01,68953.278
300051.SZ,2024-12-13,8.75,8.87,8.63,8.65,8.76,-0.10999999999999943,-1.26,71499.0,62530.509
300051.SZ,2024-12-16,8.65,8.65,8.26,8.36,8.65,-0.2900000000000009,-3.35,80718.0,67604.134
300051.SZ,2024-12-17,8.42,8.43,7.77,7.81,8.36,-0.5499999999999998,-6.58,82865.0,66205.814
300051.SZ,2024-12-18,7.88,7.92,7.56,7.8,7.81,-0.009999999999999787,-0.13,71071.16,55109.95
300051.SZ,2024-12-19,7.77,7.84,7.62,7.77,7.8,-0.03000000000000025,-0.38,56824.01,43911.598
300051.SZ,2024-12-20,7.83,7.85,7.66,7.75,7.77,-0.019999999999999574,-0.26,55816.0,43344.249
300051.SZ,2024-12-23,7.69,7.73,7.1,7.12,7.75,-0.6299999999999999,-8.13,98658.02,72417.248
300051.SZ,2024-12-24,7.15,7.35,7.13,7.2,7.12,0.08000000000000007,1.12,67655.2,48870.353
300051.SZ,2024-12-25,7.22,7.28,6.78,6.94,7.2,-0.2599999999999998,-3.61,81553.0,56631.737
300051.SZ,2024-12-26,6.96,7.15,6.91,6.96,6.94,0.019999999999999574,0.29,66150.0,46365.637
300051.SZ,2024-12-27,6.96,7.18,6.91,7.05,6.96,0.08999999999999986,1.29,65333.0,46337.259
300051.SZ,2024-12-30,6.99,7.01,6.7,6.89,7.05,-0.16000000000000014,-2.27,73630.0,50440.332
300051.SZ,2024-12-31,6.89,7.02,6.69,6.69,6.89,-0.1999999999999993,-2.9,61097.47,41595.545
300051.SZ,2025-01-02,6.66,6.83,6.49,6.55,6.69,-0.14000000000000057,-2.09,61566.2,40966.529
300051.SZ,2025-01-03,6.62,6.68,6.18,6.25,6.55,-0.2999999999999998,-4.58,65275.06,41465.274
300051.SZ,2025-01-06,6.18,6.45,5.81,6.2,6.25,-0.04999999999999982,-0.8,65846.59,40744.007
300051.SZ,2025-01-07,6.23,6.46,6.22,6.46,6.2,0.2599999999999998,4.19,52212.59,33090.875
300051.SZ,2025-01-08,6.47,6.59,6.17,6.45,6.46,-0.009999999999999787,-0.15,53845.01,34422.401
300051.SZ,2025-01-09,6.48,6.51,6.37,6.43,6.45,-0.020000000000000462,-0.31,38445.01,24784.196
300051.SZ,2025-01-10,6.43,6.5,6.19,6.19,6.43,-0.23999999999999932,-3.73,45530.05,28731.165
300051.SZ,2025-01-13,6.13,6.3,5.97,6.25,6.19,0.05999999999999961,0.97,48147.0,29611.922
300051.SZ,2025-01-14,6.37,6.64,6.33,6.64,6.25,0.3899999999999997,6.24,64591.01,42179.111
300051.SZ,2025-01-15,6.67,6.89,6.49,6.64,6.64,0.0,0.0,77034.0,51378.234
300051.SZ,2025-01-16,6.74,6.84,6.6,6.66,6.64,0.020000000000000462,0.3,65171.01,43675.572
300051.SZ,2025-01-17,6.66,6.7,6.48,6.51,6.66,-0.15000000000000036,-2.25,49189.0,32257.682
300051.SZ,2025-01-20,6.68,6.68,6.45,6.5,6.51,-0.009999999999999787,-0.15,46768.01,30520.537
300051.SZ,2025-01-21,6.49,6.56,6.32,6.39,6.5,-0.11000000000000032,-1.69,43195.21,27573.065
300051.SZ,2025-01-22,6.38,6.39,6.21,6.29,6.39,-0.09999999999999964,-1.56,32438.0,20318.494
300051.SZ,2025-01-23,6.36,6.47,6.19,6.2,6.29,-0.08999999999999986,-1.43,59447.0,37753.183
300051.SZ,2025-01-24,6.2,6.41,6.17,6.4,6.2,0.20000000000000018,3.23,49208.0,31166.784
300051.SZ,2025-01-27,6.47,6.57,6.25,6.26,6.4,-0.14000000000000057,-2.19,45513.0,29169.743
300051.SZ,2025-02-05,6.43,6.72,6.34,6.57,6.26,0.3100000000000005,4.95,66570.39,43507.016
300051.SZ,2025-02-06,6.61,6.67,6.45,6.65,6.57,0.08000000000000007,1.22,54764.0,36025.454
300051.SZ,2025-02-07,6.65,6.9,6.62,6.77,6.65,0.11999999999999922,1.8,72702.36,49339.025
300051.SZ,2025-02-10,6.81,7.02,6.81,7.02,6.77,0.25,3.69,70769.0,49184.898
300051.SZ,2025-02-11,6.99,7.03,6.8,6.88,7.02,-0.13999999999999968,-1.99,57021.0,39203.075
300051.SZ,2025-02-12,6.87,6.96,6.83,6.92,6.88,0.040000000000000036,0.58,48528.0,33467.915
300051.SZ,2025-02-13,6.91,7.0,6.8,6.82,6.92,-0.09999999999999964,-1.45,52148.0,35761.365
300051.SZ,2025-02-14,6.81,8.17,6.8,7.42,6.82,0.5999999999999996,8.8,278720.53,208271.603
300051.SZ,2025-02-17,7.4,7.45,7.16,7.24,7.42,-0.17999999999999972,-2.43,193707.0,140663.546
300051.SZ,2025-02-18,7.27,7.42,6.96,7.42,7.24,0.17999999999999972,2.49,166993.01,120260.979
300051.SZ,2025-02-19,7.28,7.5,7.12,7.33,7.42,-0.08999999999999986,-1.21,200778.51,147325.588
300051.SZ,2025-02-20,7.23,7.29,6.97,7.02,7.33,-0.3100000000000005,-4.23,168328.13,118828.631
300051.SZ,2025-02-21,6.96,7.04,6.84,7.04,7.02,0.020000000000000462,0.28,119226.25,82755.376
300051.SZ,2025-02-24,6.98,7.12,6.91,7.0,7.04,-0.040000000000000036,-0.57,83422.01,58462.983
300051.SZ,2025-02-25,6.91,7.19,6.85,7.14,7.0,0.13999999999999968,2.0,115536.35,82139.443
300051.SZ,2025-02-26,7.2,7.37,7.11,7.34,7.14,0.20000000000000018,2.8,122070.22,88330.326
300051.SZ,2025-02-27,7.32,7.4,7.1,7.19,7.34,-0.14999999999999947,-2.04,90694.0,65665.237
300051.SZ,2025-02-28,7.17,7.27,6.86,6.87,7.19,-0.3200000000000003,-4.45,76079.0,53552.956
300051.SZ,2025-03-03,6.87,7.14,6.87,6.94,6.87,0.07000000000000028,1.02,67643.02,47585.503
300051.SZ,2025-03-04,6.9,7.3,6.89,7.11,6.94,0.16999999999999993,2.45,71525.0,50698.353
300051.SZ,2025-03-05,7.12,7.15,6.9,7.0,7.11,-0.11000000000000032,-1.55,64101.02,44736.675
300051.SZ,2025-03-06,7.0,7.14,6.99,7.1,7.0,0.09999999999999964,1.43,71341.04,50455.989
300051.SZ,2025-03-07,7.09,7.12,6.83,6.9,7.1,-0.1999999999999993,-2.82,80897.0,56234.599
300051.SZ,2025-03-10,6.88,7.0,6.83,6.91,6.9,0.009999999999999787,0.14,50646.02,34984.243
300051.SZ,2025-03-11,6.84,6.89,6.66,6.87,6.91,-0.040000000000000036,-0.58,41791.0,28472.362
300051.SZ,2025-03-12,6.95,6.98,6.82,6.86,6.87,-0.009999999999999787,-0.15,47219.0,32518.948
300051.SZ,2025-03-13,6.89,6.89,6.6,6.72,6.86,-0.14000000000000057,-2.04,59767.0,40083.08
300051.SZ,2025-03-14,6.68,6.85,6.62,6.85,6.72,0.1299999999999999,1.93,55205.0,37310.258
300051.SZ,2025-03-17,6.89,7.02,6.83,6.86,6.85,0.010000000000000675,0.15,48768.0,33739.951
300051.SZ,2025-03-18,6.89,6.98,6.84,6.93,6.86,0.0699999999999994,1.02,50997.2,35193.064
300051.SZ,2025-03-19,6.98,6.98,6.77,6.84,6.93,-0.08999999999999986,-1.3,46346.05,31613.296
300051.SZ,2025-03-20,6.82,6.92,6.72,6.79,6.84,-0.04999999999999982,-0.73,37940.99,25938.546
300051.SZ,2025-03-21,6.82,6.82,6.61,6.61,6.79,-0.17999999999999972,-2.65,47519.03,31836.756
300051.SZ,2025-03-24,6.64,6.71,6.23,6.37,6.61,-0.2400000000000002,-3.63,57097.0,36740.443
300051.SZ,2025-03-25,6.41,6.42,6.23,6.3,6.37,-0.07000000000000028,-1.1,51750.0,32679.056
300051.SZ,2025-03-26,6.26,6.64,6.26,6.46,6.3,0.16000000000000014,2.54,83546.04,54016.974
300051.SZ,2025-03-27,6.43,6.43,6.22,6.25,6.46,-0.20999999999999996,-3.25,57024.14,35872.106
300051.SZ,2025-03-28,6.27,6.31,6.18,6.18,6.25,-0.07000000000000028,-1.12,38900.55,24238.355
300051.SZ,2025-03-31,6.2,6.21,6.02,6.19,6.18,0.010000000000000675,0.16,46430.1,28385.18
300051.SZ,2025-04-01,6.19,6.42,6.19,6.23,6.19,0.040000000000000036,0.65,46609.68,29302.474
300051.SZ,2025-04-02,6.27,6.35,6.19,6.26,6.23,0.02999999999999936,0.48,38023.59,23935.438
300051.SZ,2025-04-03,6.2,6.38,6.19,6.22,6.26,-0.040000000000000036,-0.64,60348.53,37793.673
300051.SZ,2025-04-21,7.46,7.46,7.08,7.46,6.22,1.2400000000000002,19.94,536164.51,394096.642
300051.SZ,2025-04-22,7.21,7.44,6.85,6.93,7.46,-0.5300000000000002,-7.1,416299.55,295911.706
300051.SZ,2025-04-23,6.8,6.99,6.66,6.83,6.93,-0.09999999999999964,-1.44,246654.53,167921.786
300051.SZ,2025-04-24,6.74,6.88,6.51,6.72,6.83,-0.11000000000000032,-1.61,208584.04,139348.43
300051.SZ,2025-04-25,6.6,6.78,6.56,6.7,6.72,-0.019999999999999574,-0.3,134064.03,89638.124
300051.SZ,2025-04-28,6.61,6.66,6.29,6.35,6.7,-0.35000000000000053,-5.22,153897.03,98628.1
300051.SZ,2025-04-29,6.44,6.75,6.42,6.43,6.35,0.08000000000000007,1.26,124102.0,81148.531
300051.SZ,2025-04-30,6.59,6.6,6.41,6.44,6.43,0.010000000000000675,0.16,80705.01,52298.888
300051.SZ,2025-05-06,6.52,6.67,6.47,6.66,6.44,0.21999999999999975,3.42,134639.23,88493.462
300051.SZ,2025-05-07,6.78,6.93,6.68,6.75,6.66,0.08999999999999986,1.35,177830.16,120886.441
300051.SZ,2025-05-08,6.71,6.88,6.66,6.8,6.75,0.04999999999999982,0.74,122520.14,83270.839
300051.SZ,2025-05-09,6.77,6.82,6.62,6.62,6.8,-0.17999999999999972,-2.65,88419.07,59036.908
300051.SZ,2025-05-12,6.67,6.79,6.64,6.72,6.62,0.09999999999999964,1.51,65096.14,43664.45
300051.SZ,2025-05-13,6.84,7.03,6.74,6.86,6.72,0.14000000000000057,2.08,176435.86,121653.34
300051.SZ,2025-05-14,6.76,6.8,6.64,6.76,6.86,-0.10000000000000053,-1.46,111791.85,75007.973
300051.SZ,2025-05-15,6.71,6.75,6.58,6.6,6.76,-0.16000000000000014,-2.37,77110.0,51195.184
300051.SZ,2025-05-16,6.59,6.75,6.59,6.6,6.6,0.0,0.0,70337.85,46768.295
300051.SZ,2025-05-19,6.68,6.92,6.66,6.88,6.6,0.28000000000000025,4.24,139705.11,95204.794
300051.SZ,2025-05-20,7.2,7.37,6.99,7.17,6.88,0.29000000000000004,4.22,245252.13,174710.553
300051.SZ,2025-05-21,7.19,7.99,7.18,7.48,7.17,0.3100000000000005,4.32,344135.68,256949.445
300051.SZ,2025-05-22,7.46,7.51,7.17,7.18,7.48,-0.3000000000000007,-4.01,237369.61,174068.766
300051.SZ,2025-05-23,7.29,7.34,6.96,6.99,7.18,-0.1899999999999995,-2.65,132222.7,93530.59
300051.SZ,2025-05-26,6.96,7.24,6.96,7.15,6.99,0.16000000000000014,2.29,110033.63,78226.016
300051.SZ,2025-05-27,7.13,7.29,7.04,7.25,7.15,0.09999999999999964,1.4,104790.62,75299.075
300051.SZ,2025-05-28,7.21,7.3,7.03,7.12,7.25,-0.1299999999999999,-1.79,88284.87,62897.317
300051.SZ,2025-05-29,7.1,7.25,7.1,7.25,7.12,0.1299999999999999,1.83,102754.0,74014.392
300051.SZ,2025-05-30,7.32,7.32,7.04,7.06,7.25,-0.1900000000000004,-2.62,80756.0,57270.012
300051.SZ,2025-06-03,7.0,7.19,7.0,7.09,7.06,0.03000000000000025,0.42,71089.06,50540.95
300051.SZ,2025-06-04,7.12,7.16,7.03,7.1,7.09,0.009999999999999787,0.14,54693.0,38751.723
300051.SZ,2025-06-05,7.06,7.21,7.06,7.19,7.1,0.09000000000000075,1.27,81512.0,58295.016
300051.SZ,2025-06-06,7.27,7.4,7.13,7.2,7.19,0.009999999999999787,0.14,109604.71,79333.239
300051.SZ,2025-06-09,7.24,7.42,7.17,7.41,7.2,0.20999999999999996,2.92,125199.17,91584.399
300051.SZ,2025-06-10,7.43,7.43,7.23,7.33,7.41,-0.08000000000000007,-1.08,107198.67,78397.549
300051.SZ,2025-06-11,7.3,7.41,7.26,7.28,7.33,-0.04999999999999982,-0.68,78488.5,57480.374
300051.SZ,2025-06-12,7.25,7.25,7.1,7.15,7.28,-0.1299999999999999,-1.79,79707.0,57127.441
300051.SZ,2025-06-13,7.11,7.17,6.86,6.9,7.15,-0.25,-3.5,89156.67,62113.905
300051.SZ,2025-06-16,6.9,7.22,6.85,7.2,6.9,0.2999999999999998,4.35,108294.0,76956.522
300051.SZ,2025-06-17,7.24,7.32,7.1,7.12,7.2,-0.08000000000000007,-1.11,86093.0,61789.07
300051.SZ,2025-06-18,7.09,7.18,6.98,7.02,7.12,-0.10000000000000053,-1.4,59179.94,41639.806
300051.SZ,2025-06-19,7.07,7.07,6.73,6.78,7.02,-0.23999999999999932,-3.42,83632.0,57468.719
300051.SZ,2025-06-20,6.78,7.11,6.71,6.8,6.78,0.019999999999999574,0.29,139144.0,95388.302
300051.SZ,2025-06-23,6.73,6.98,6.64,6.89,6.8,0.08999999999999986,1.32,93590.0,64138.409
300051.SZ,2025-06-24,6.99,7.06,6.88,7.05,6.89,0.16000000000000014,2.32,83798.99,58782.466
300051.SZ,2025-06-25,7.14,7.14,6.94,7.06,7.05,0.009999999999999787,0.14,79397.0,55771.162
300051.SZ,2025-06-26,7.05,7.13,6.95,7.02,7.06,-0.040000000000000036,-0.57,73533.18,51844.312
300051.SZ,2025-06-27,7.02,7.13,6.99,7.03,7.02,0.010000000000000675,0.14,67359.0,47520.78
300051.SZ,2025-06-30,7.06,7.27,7.06,7.21,7.03,0.17999999999999972,2.56,102672.58,73461.677
300051.SZ,2025-07-01,7.21,7.25,7.01,7.1,7.21,-0.11000000000000032,-1.53,85088.58,60430.023
300051.SZ,2025-07-02,7.07,7.4,6.97,6.99,7.1,-0.10999999999999943,-1.55,395086.15,282442.15
300051.SZ,2025-07-03,6.95,7.0,6.78,6.87,6.99,-0.1200000000000001,-1.72,226283.13,154651.844
300051.SZ,2025-07-04,6.87,6.99,6.66,6.73,6.87,-0.13999999999999968,-2.04,144912.05,98098.304
300051.SZ,2025-07-07,6.69,6.89,6.68,6.85,6.73,0.11999999999999922,1.78,134485.0,91824.643
300051.SZ,2025-07-08,6.86,7.1,6.78,7.1,6.85,0.25,3.65,183006.45,128059.754
300051.SZ,2025-07-09,7.12,7.18,7.03,7.06,7.1,-0.040000000000000036,-0.56,107562.0,76131.446
300051.SZ,2025-07-10,7.08,7.24,7.04,7.17,7.06,0.11000000000000032,1.56,144166.73,103026.796
300051.SZ,2025-07-11,7.4,7.45,7.08,7.2,7.17,0.03000000000000025,0.42,147233.0,105641.632
300051.SZ,2025-07-14,7.18,7.22,7.06,7.16,7.2,-0.040000000000000036,-0.56,101456.0,72271.866
300051.SZ,2025-07-15,7.13,7.15,6.89,6.92,7.16,-0.2400000000000002,-3.35,114268.0,79708.446
300051.SZ,2025-07-16,7.03,7.05,6.88,6.96,6.92,0.040000000000000036,0.58,80874.0,56321.587
300051.SZ,2025-07-17,7.05,8.35,7.03,7.7,6.96,0.7400000000000002,10.63,1036677.86,838450.153
300051.SZ,2025-07-18,7.35,7.99,7.32,7.7,7.7,0.0,0.0,768089.81,590692.794
300051.SZ,2025-07-21,7.59,7.66,7.44,7.52,7.7,-0.1800000000000006,-2.34,429976.65,323706.115
300051.SZ,2025-07-22,7.52,8.03,7.33,7.88,7.52,0.3600000000000003,4.79,636506.0,490821.906
300051.SZ,2025-07-23,7.75,8.24,7.64,7.71,7.88,-0.16999999999999993,-2.16,525039.83,412640.719
300051.SZ,2025-07-24,7.61,7.74,7.5,7.71,7.71,0.0,0.0,319005.27,243200.141
300051.SZ,2025-07-25,7.67,7.7,7.46,7.46,7.71,-0.25,-3.24,278824.69,209617.974
300051.SZ,2025-07-28,7.5,7.56,7.43,7.55,7.46,0.08999999999999986,1.21,169648.71,127533.999
300051.SZ,2025-07-29,7.51,7.68,7.36,7.61,7.55,0.0600000000000005,0.79,248911.0,187150.129
300051.SZ,2025-07-30,7.62,7.67,7.45,7.52,7.61,-0.09000000000000075,-1.18,160274.01,120518.142
300051.SZ,2025-07-31,7.44,7.54,7.3,7.32,7.52,-0.1999999999999993,-2.66,167677.93,124025.003
300051.SZ,2025-08-01,7.38,7.77,7.34,7.74,7.32,0.41999999999999993,5.74,332622.96,252629.31
300051.SZ,2025-08-04,7.65,7.8,7.51,7.77,7.74,0.02999999999999936,0.39,238430.0,182923.899
300051.SZ,2025-08-05,7.75,7.8,7.63,7.73,7.77,-0.03999999999999915,-0.51,176149.27,135671.137
300051.SZ,2025-08-06,7.71,7.8,7.64,7.71,7.73,-0.020000000000000462,-0.26,154006.0,118684.132
300051.SZ,2025-08-07,7.69,7.71,7.57,7.64,7.71,-0.07000000000000028,-0.91,130480.0,99647.844
300051.SZ,2025-08-08,7.66,7.67,7.51,7.53,7.64,-0.10999999999999943,-1.44,132230.0,100063.335
300051.SZ,2025-08-11,7.55,7.65,7.5,7.62,7.53,0.08999999999999986,1.2,135169.0,102512.121
300051.SZ,2025-08-12,7.66,7.66,7.45,7.51,7.62,-0.11000000000000032,-1.44,111900.0,84093.521
300051.SZ,2025-08-13,7.55,7.56,7.43,7.51,7.51,0.0,0.0,109014.0,81625.228
300051.SZ,2025-08-14,7.51,7.54,7.3,7.51,7.51,0.0,0.0,181592.0,134990.438
300051.SZ,2025-08-15,7.51,7.67,7.45,7.64,7.51,0.1299999999999999,1.73,168851.01,128301.163
300051.SZ,2025-08-18,7.69,7.78,7.63,7.74,7.64,0.10000000000000053,1.31,189177.03,145789.931
300051.SZ,2025-08-19,7.76,7.76,7.63,7.66,7.74,-0.08000000000000007,-1.03,136649.0,104911.533
300051.SZ,2025-08-20,7.7,7.97,7.7,7.89,7.66,0.22999999999999954,3.0,313001.0,246185.982
300051.SZ,2025-08-21,7.79,7.93,7.77,7.84,7.89,-0.04999999999999982,-0.63,202318.01,158367.784
300051.SZ,2025-08-22,7.84,7.91,7.77,7.91,7.84,0.07000000000000028,0.89,187976.01,147548.214
300051.SZ,2025-08-25,7.94,7.94,7.72,7.78,7.91,-0.1299999999999999,-1.64,175606.15,136940.366
300051.SZ,2025-08-26,7.74,7.86,7.69,7.77,7.78,-0.010000000000000675,-0.13,107568.15,83902.505
300051.SZ,2025-08-27,7.74,7.8,7.38,7.39,7.77,-0.3799999999999999,-4.89,182742.0,138936.975
300051.SZ,2025-08-28,7.4,7.52,7.1,7.39,7.39,0.0,0.0,158032.96,115949.817
300051.SZ,2025-08-29,7.37,7.41,7.25,7.3,7.39,-0.08999999999999986,-1.22,95162.0,69456.825
300051.SZ,2025-09-01,7.31,7.48,7.23,7.43,7.3,0.1299999999999999,1.78,95146.02,70257.714
300051.SZ,2025-09-02,7.44,7.58,7.21,7.26,7.43,-0.16999999999999993,-2.29,108532.0,79797.339
300051.SZ,2025-09-03,7.27,7.31,6.98,7.06,7.26,-0.20000000000000018,-2.75,104524.0,74494.295
300051.SZ,2025-09-04,7.05,7.27,7.0,7.1,7.06,0.040000000000000036,0.57,113258.1,81229.727
300051.SZ,2025-09-05,7.13,7.37,7.13,7.36,7.1,0.2600000000000007,3.66,136594.1,99566.79
300051.SZ,2025-09-08,7.37,7.39,7.22,7.3,7.36,-0.0600000000000005,-0.82,104390.0,75984.45
300051.SZ,2025-09-09,7.31,7.37,7.2,7.22,7.3,-0.08000000000000007,-1.1,76886.01,55816.996
300051.SZ,2025-09-10,7.22,7.26,7.13,7.23,7.22,0.010000000000000675,0.14,80430.0,57785.18
300051.SZ,2025-09-11,7.22,7.3,7.06,7.3,7.23,0.0699999999999994,0.97,92581.2,66597.31
300051.SZ,2025-09-12,7.3,7.34,7.2,7.26,7.3,-0.040000000000000036,-0.55,66543.22,48371.265
300051.SZ,2025-09-15,7.23,7.3,7.18,7.25,7.26,-0.009999999999999787,-0.14,67978.33,49090.575
300051.SZ,2025-09-16,7.28,7.3,7.19,7.29,7.25,0.040000000000000036,0.55,78041.0,56583.792
300051.SZ,2025-09-17,7.49,7.49,7.28,7.32,7.29,0.03000000000000025,0.41,133631.0,98281.864
300051.SZ,2025-09-18,7.2,7.27,7.01,7.08,7.32,-0.2400000000000002,-3.28,135912.68,97047.755
300051.SZ,2025-09-19,7.08,7.09,6.95,6.99,7.08,-0.08999999999999986,-1.27,65753.53,46028.659
300051.SZ,2025-09-22,6.98,6.98,6.76,6.87,6.99,-0.1200000000000001,-1.72,66873.88,45792.78
300051.SZ,2025-09-23,6.87,7.26,6.86,7.02,6.87,0.14999999999999947,2.18,133950.67,94081.155
300051.SZ,2025-09-24,6.98,7.09,6.87,7.06,7.02,0.040000000000000036,0.57,81740.02,57103.383
300051.SZ,2025-09-25,7.04,7.06,6.91,6.97,7.06,-0.08999999999999986,-1.27,72055.03,50247.437
300051.SZ,2025-09-26,6.98,7.1,6.88,6.95,6.97,-0.019999999999999574,-0.29,67065.0,46750.201
300051.SZ,2025-09-29,6.95,7.04,6.78,6.99,6.95,0.040000000000000036,0.58,63614.0,44205.972
300051.SZ,2025-09-30,7.02,7.06,6.92,6.95,6.99,-0.040000000000000036,-0.57,61533.0,42790.456
300051.SZ,2025-10-09,6.98,6.98,6.81,6.92,6.95,-0.03000000000000025,-0.43,70109.22,48287.66
300051.SZ,2025-10-10,6.93,7.01,6.84,6.96,6.92,0.040000000000000036,0.58,67908.07,46971.351
300051.SZ,2025-10-13,6.67,6.91,6.55,6.82,6.96,-0.13999999999999968,-2.01,66812.0,45202.364
300051.SZ,2025-10-14,6.86,7.02,6.78,6.84,6.82,0.019999999999999574,0.29,91823.0,63375.895
300051.SZ,2025-10-15,6.73,6.73,6.42,6.52,6.84,-0.3200000000000003,-4.68,209514.8,136978.996
300051.SZ,2025-10-16,6.52,6.52,6.29,6.31,6.52,-0.20999999999999996,-3.22,119171.87,75584.869
300051.SZ,2025-10-17,6.4,6.41,6.18,6.19,6.31,-0.11999999999999922,-1.9,92229.02,57789.808
300051.SZ,2025-10-20,6.26,6.43,6.21,6.42,6.19,0.22999999999999954,3.72,108911.07,69082.102
300051.SZ,2025-10-21,6.42,6.58,6.36,6.56,6.42,0.13999999999999968,2.18,102359.0,66548.997
300051.SZ,2025-10-22,6.55,6.64,6.5,6.62,6.56,0.0600000000000005,0.91,72559.0,47787.247
300051.SZ,2025-10-23,6.61,6.8,6.59,6.75,6.62,0.1299999999999999,1.96,89703.0,60187.001
300051.SZ,2025-10-24,6.72,6.78,6.67,6.76,6.75,0.009999999999999787,0.15,68312.0,46058.239
300051.SZ,2025-10-27,6.78,6.86,6.73,6.79,6.76,0.03000000000000025,0.44,65800.38,44698.413
300051.SZ,2025-10-28,6.79,6.94,6.73,6.89,6.79,0.09999999999999964,1.47,88038.0,60239.194
300051.SZ,2025-10-29,6.85,6.92,6.8,6.84,6.89,-0.04999999999999982,-0.73,75418.0,51652.858
300051.SZ,2025-10-30,6.78,6.81,6.5,6.55,6.84,-0.29000000000000004,-4.24,117214.0,77563.672
300051.SZ,2025-10-31,6.53,6.97,6.53,6.83,6.55,0.28000000000000025,4.27,156486.02,106725.524
300051.SZ,2025-11-03,6.8,6.9,6.77,6.89,6.83,0.05999999999999961,0.88,95969.0,65578.919
300051.SZ,2025-11-04,6.9,6.97,6.8,6.93,6.89,0.040000000000000036,0.58,100058.0,68976.465
300051.SZ,2025-11-05,6.86,7.05,6.85,7.02,6.93,0.08999999999999986,1.3,106632.1,74390.404
300051.SZ,2025-11-06,7.0,7.02,6.85,6.89,7.02,-0.1299999999999999,-1.85,85321.0,58901.504
300051.SZ,2025-11-07,6.86,7.04,6.84,6.98,6.89,0.09000000000000075,1.31,70673.0,49255.736
300051.SZ,2025-11-10,7.02,7.09,6.95,7.01,6.98,0.02999999999999936,0.43,78729.0,55347.933
300051.SZ,2025-11-11,7.06,7.18,6.97,7.11,7.01,0.10000000000000053,1.43,99368.0,70738.817
300051.SZ,2025-11-12,7.07,7.13,6.86,6.96,7.11,-0.15000000000000036,-2.11,92265.0,64269.008
300051.SZ,2025-11-13,6.96,7.03,6.9,6.97,6.96,0.009999999999999787,0.14,62656.89,43675.414
300051.SZ,2025-11-14,6.93,7.27,6.87,7.09,6.97,0.1200000000000001,1.72,128757.0,91763.106
300051.SZ,2025-11-17,7.1,7.24,7.0,7.19,7.09,0.10000000000000053,1.41,111897.0,80032.19
300051.SZ,2025-11-18,7.19,7.19,7.04,7.13,7.19,-0.0600000000000005,-0.83,74113.0,52610.859
300051.SZ,2025-11-19,7.13,7.15,6.95,7.01,7.13,-0.1200000000000001,-1.68,80406.01,56412.939
300051.SZ,2025-11-20,7.01,7.05,6.83,6.93,7.01,-0.08000000000000007,-1.14,72155.0,49952.041
300051.SZ,2025-11-21,6.83,6.99,6.58,6.62,6.93,-0.3099999999999996,-4.47,91827.0,61801.948
300051.SZ,2025-11-24,6.64,6.97,6.62,6.9,6.62,0.28000000000000025,4.23,101548.0,68912.941
300051.SZ,2025-11-25,6.92,7.09,6.92,7.0,6.9,0.09999999999999964,1.45,84171.0,59065.901
300051.SZ,2025-11-26,7.0,7.12,6.85,6.88,7.0,-0.1200000000000001,-1.71,80022.0,55671.419
300051.SZ,2025-11-27,6.88,6.93,6.81,6.89,6.88,0.009999999999999787,0.15,48862.01,33605.735
300051.SZ,2025-11-28,6.94,6.97,6.84,6.93,6.89,0.040000000000000036,0.58,46260.0,31903.31
300051.SZ,2025-12-01,6.93,7.13,6.86,6.99,6.93,0.0600000000000005,0.87,115489.0,80875.634
300051.SZ,2025-12-02,6.99,7.28,6.86,7.1,6.99,0.10999999999999943,1.57,176011.01,124664.144
300051.SZ,2025-12-03,7.11,7.12,6.87,6.92,7.1,-0.17999999999999972,-2.54,125106.0,86905.795
300051.SZ,2025-12-04,6.93,6.93,6.65,6.66,6.92,-0.2599999999999998,-3.76,100278.0,67619.391
300051.SZ,2025-12-05,6.66,7.14,6.64,6.88,6.66,0.21999999999999975,3.3,134960.0,92374.713
300051.SZ,2025-12-08,6.88,7.87,6.87,7.44,6.88,0.5600000000000005,8.14,470061.39,347273.973
300051.SZ,2025-12-09,7.46,7.68,7.26,7.4,7.44,-0.040000000000000036,-0.54,345723.81,255813.063
300051.SZ,2025-12-10,7.34,7.44,7.2,7.27,7.4,-0.13000000000000078,-1.76,195252.04,142407.884
300051.SZ,2025-12-11,7.25,7.55,7.13,7.16,7.27,-0.10999999999999943,-1.51,268267.0,196523.193
300051.SZ,2025-12-12,7.05,7.16,6.73,6.8,7.16,-0.3600000000000003,-5.03,262175.0,180171.471
300051.SZ,2025-12-15,6.74,6.89,6.56,6.7,6.8,-0.09999999999999964,-1.47,145997.0,98168.363
300051.SZ,2025-12-16,6.83,7.66,6.81,7.07,6.7,0.3700000000000001,5.52,434078.06,314748.745
300051.SZ,2025-12-17,7.15,7.19,6.45,6.68,7.07,-0.39000000000000057,-5.52,389067.05,260775.841
300051.SZ,2025-12-18,6.52,6.78,6.46,6.67,6.68,-0.009999999999999787,-0.15,180489.0,120222.907
300051.SZ,2025-12-19,6.68,6.79,6.55,6.75,6.67,0.08000000000000007,1.2,163129.05,108968.751
300051.SZ,2025-12-22,6.73,6.76,6.61,6.63,6.75,-0.1200000000000001,-1.78,132380.0,88326.318
300051.SZ,2025-12-23,6.6,6.6,6.46,6.48,6.63,-0.14999999999999947,-2.26,108076.76,70351.533
300051.SZ,2025-12-24,6.48,6.58,6.43,6.56,6.48,0.07999999999999918,1.23,75736.96,49551.251
300051.SZ,2025-12-25,6.54,6.82,6.54,6.68,6.56,0.1200000000000001,1.83,122326.26,81803.568
300051.SZ,2025-12-26,6.66,6.83,6.63,6.69,6.68,0.010000000000000675,0.15,125718.05,84669.282
300051.SZ,2025-12-29,6.75,6.75,6.59,6.65,6.69,-0.040000000000000036,-0.6,86774.0,57757.168
300051.SZ,2025-12-30,6.65,6.65,6.48,6.5,6.65,-0.15000000000000036,-2.26,89625.0,58602.087
300051.SZ,2025-12-31,6.51,6.53,6.41,6.45,6.5,-0.04999999999999982,-0.77,95906.01,62061.051
