ts_code,datetime,open,high,low,close,pre_close,change,pct_chg,volume,amount
301320.SZ,2023-06-09,24.45,29.33,24.26,25.53,12.78,12.750000000000002,99.77,320308.33,848716.351
301320.SZ,2023-06-12,22.48,24.84,21.52,23.33,25.53,-2.200000000000003,-8.62,247940.13,570410.276
301320.SZ,2023-06-13,22.4,29.05,22.18,26.2,23.33,2.870000000000001,12.3,306374.77,807763.491
301320.SZ,2023-06-14,26.41,29.1,24.88,25.0,26.2,-1.1999999999999993,-4.58,296909.31,814489.501
301320.SZ,2023-06-15,23.77,27.45,23.77,27.1,25.0,2.1000000000000014,8.4,266084.27,708719.112
301320.SZ,2023-06-16,26.41,26.41,24.01,25.14,27.1,-1.9600000000000009,-7.23,214334.46,548276.9
301320.SZ,2023-06-19,25.05,29.62,25.05,26.56,25.14,1.4199999999999982,5.65,267571.63,746300.632
301320.SZ,2023-06-20,27.14,28.64,25.69,27.48,26.56,0.9200000000000017,3.46,243703.79,686511.679
301320.SZ,2023-06-21,26.42,27.68,25.25,25.73,27.48,-1.75,-6.37,177256.56,472719.2
301320.SZ,2023-06-26,24.79,24.79,23.05,24.06,25.73,-1.6700000000000017,-6.49,128567.84,312727.489
301320.SZ,2023-06-27,23.56,24.26,23.07,23.77,24.06,-0.28999999999999915,-1.21,86806.98,209735.293
301320.SZ,2023-06-28,23.58,23.58,21.64,22.38,23.77,-1.3900000000000006,-5.85,112205.57,256628.862
301320.SZ,2023-06-29,22.14,24.43,22.14,23.57,22.38,1.1900000000000013,5.32,137889.74,333335.258
301320.SZ,2023-06-30,23.77,25.04,23.57,24.12,23.57,0.5500000000000007,2.33,123271.96,303072.93
301320.SZ,2023-07-03,23.69,24.21,22.83,22.87,24.12,-1.25,-5.18,82546.66,196418.441
301320.SZ,2023-07-04,23.0,23.69,22.92,23.31,22.87,0.4399999999999977,1.92,62165.86,148500.2
301320.SZ,2023-07-05,23.08,23.42,22.53,22.65,23.31,-0.6600000000000001,-2.83,51114.39,119648.983
301320.SZ,2023-07-06,22.58,23.27,22.23,23.07,22.65,0.4200000000000017,1.85,51511.6,120253.272
301320.SZ,2023-07-07,22.81,22.81,21.23,21.52,23.07,-1.5500000000000007,-6.72,102033.55,226216.831
301320.SZ,2023-07-10,21.72,21.76,20.87,21.06,21.52,-0.46000000000000085,-2.14,62822.45,135838.958
301320.SZ,2023-07-11,21.3,21.3,20.96,21.22,21.06,0.16000000000000014,0.76,42451.19,91741.646
301320.SZ,2023-07-12,21.05,21.2,20.54,20.59,21.22,-0.629999999999999,-2.97,47838.54,102141.564
301320.SZ,2023-07-13,20.55,21.0,20.54,20.94,20.59,0.3500000000000014,1.7,40865.19,86862.562
301320.SZ,2023-07-14,20.83,21.34,20.7,21.23,20.94,0.28999999999999915,1.38,51200.4,110591.109
301320.SZ,2023-07-17,21.51,21.67,20.75,21.1,21.23,-0.129999999999999,-0.61,50862.74,109497.2
301320.SZ,2023-07-18,20.95,22.66,20.62,21.75,21.1,0.6499999999999986,3.08,106591.28,236428.75
301320.SZ,2023-07-19,21.21,22.47,21.16,22.09,21.75,0.33999999999999986,1.56,106853.41,240335.879
301320.SZ,2023-07-20,21.83,22.44,21.13,21.64,22.09,-0.4499999999999993,-2.04,86925.39,193368.012
301320.SZ,2023-07-21,21.75,22.93,21.25,21.92,21.64,0.28000000000000114,1.29,102827.81,232480.649
301320.SZ,2023-07-24,21.37,21.37,20.43,20.79,21.92,-1.1300000000000026,-5.16,74093.13,157566.316
301320.SZ,2023-07-25,20.79,21.7,20.76,21.7,20.79,0.9100000000000001,4.38,72155.34,157475.68
301320.SZ,2023-07-26,21.43,22.2,21.13,21.85,21.7,0.15000000000000213,0.69,70536.34,156286.297
301320.SZ,2023-07-27,21.52,21.79,20.88,21.01,21.85,-0.8399999999999999,-3.84,52846.51,114873.341
301320.SZ,2023-07-28,20.87,21.91,20.47,21.81,21.01,0.7999999999999972,3.81,75764.42,165575.758
301320.SZ,2023-07-31,21.71,21.71,21.07,21.41,21.81,-0.3999999999999986,-1.83,63153.05,137986.814
301320.SZ,2023-08-01,21.21,21.3,20.74,21.01,21.41,-0.3999999999999986,-1.87,44575.08,95533.956
301320.SZ,2023-08-02,20.92,21.47,20.84,21.13,21.01,0.11999999999999744,0.57,42038.19,90807.557
301320.SZ,2023-08-03,21.01,21.21,20.69,20.76,21.13,-0.36999999999999744,-1.75,40149.59,85588.252
301320.SZ,2023-08-04,20.76,20.89,20.33,20.34,20.76,-0.4200000000000017,-2.02,53870.23,112905.301
301320.SZ,2023-08-07,20.34,20.41,19.66,20.01,20.34,-0.3299999999999983,-1.62,44976.47,91849.165
301320.SZ,2023-08-08,19.89,20.72,19.87,20.68,20.01,0.6699999999999982,3.35,60446.66,126391.119
301320.SZ,2023-08-09,20.59,21.03,20.26,20.84,20.68,0.16000000000000014,0.77,53040.74,112219.53
301320.SZ,2023-08-10,20.98,21.96,20.83,21.49,20.84,0.6499999999999986,3.12,114940.92,252102.24
301320.SZ,2023-08-11,21.28,21.81,21.18,21.48,21.49,-0.00999999999999801,-0.05,84981.07,186840.379
301320.SZ,2023-08-14,21.28,22.46,21.26,22.26,21.48,0.7800000000000011,3.63,104252.64,234125.754
301320.SZ,2023-08-15,23.44,25.16,21.63,22.05,22.26,-0.21000000000000085,-0.94,155957.99,369453.561
301320.SZ,2023-08-16,22.06,22.67,21.55,22.23,22.05,0.17999999999999972,0.82,110829.14,250762.149
301320.SZ,2023-08-17,21.79,22.4,21.33,22.31,22.23,0.0799999999999983,0.36,101107.55,226477.074
301320.SZ,2023-08-18,22.16,23.19,21.85,22.3,22.31,-0.00999999999999801,-0.04,118986.75,274353.738
301320.SZ,2023-08-21,22.3,22.59,21.86,21.86,22.3,-0.4400000000000013,-1.97,70492.07,160151.568
301320.SZ,2023-08-22,21.94,22.13,20.05,20.65,21.86,-1.2100000000000009,-5.54,104016.84,220686.899
301320.SZ,2023-08-23,20.63,20.84,20.15,20.17,20.65,-0.4799999999999969,-2.32,53291.31,111320.507
301320.SZ,2023-08-24,20.17,20.54,19.06,19.45,20.17,-0.7200000000000024,-3.57,57699.78,114990.353
301320.SZ,2023-08-25,19.27,19.34,17.78,17.78,19.45,-1.6699999999999982,-8.59,58746.33,110550.03
301320.SZ,2023-08-28,19.12,19.12,18.15,18.29,17.78,0.509999999999998,2.87,57074.0,108816.985
301320.SZ,2023-08-29,18.16,19.86,18.16,19.82,18.29,1.5300000000000011,8.37,75382.1,149513.688
301320.SZ,2023-08-30,19.66,20.92,19.57,20.35,19.82,0.5300000000000011,2.67,60218.33,125934.864
301320.SZ,2023-08-31,20.21,21.07,20.21,20.66,20.35,0.3099999999999987,1.52,40625.22,85719.342
301320.SZ,2023-09-01,20.62,24.79,20.62,24.79,20.66,4.129999999999999,19.99,102858.98,256323.454
301320.SZ,2023-09-04,24.79,24.79,22.6,22.91,24.79,-1.879999999999999,-7.58,205034.47,487043.391
301320.SZ,2023-09-05,21.81,22.71,21.63,21.86,22.91,-1.0500000000000007,-4.58,134383.49,302764.38
301320.SZ,2023-09-06,21.66,22.13,21.24,21.44,21.86,-0.41999999999999815,-1.92,98905.38,217732.95
301320.SZ,2023-09-07,21.32,21.51,20.14,20.15,21.44,-1.2900000000000027,-6.02,90471.2,191167.085
301320.SZ,2023-09-08,20.16,20.35,19.82,20.05,20.15,-0.09999999999999787,-0.5,46143.54,94441.736
301320.SZ,2023-09-11,20.04,20.15,19.58,20.02,20.05,-0.030000000000001137,-0.15,34029.57,69355.263
301320.SZ,2023-09-12,20.03,20.24,19.94,20.04,20.02,0.019999999999999574,0.1,36317.47,74521.948
301320.SZ,2023-09-13,20.03,20.1,19.51,19.74,20.04,-0.3000000000000007,-1.5,35014.91,70518.487
301320.SZ,2023-09-14,19.75,19.81,19.17,19.35,19.74,-0.389999999999997,-1.98,27390.69,54473.601
301320.SZ,2023-09-15,19.36,19.53,19.21,19.33,19.35,-0.020000000000003126,-0.1,21276.53,42090.704
301320.SZ,2023-09-18,19.17,19.7,19.09,19.44,19.33,0.11000000000000298,0.57,25903.91,51562.881
301320.SZ,2023-09-19,19.37,19.47,18.98,19.06,19.44,-0.38000000000000256,-1.95,24242.0,47571.754
301320.SZ,2023-09-20,19.06,19.47,19.01,19.04,19.06,-0.019999999999999574,-0.1,20381.0,40006.39
301320.SZ,2023-09-21,19.01,19.23,18.94,18.98,19.04,-0.05999999999999872,-0.32,16121.99,31413.513
301320.SZ,2023-09-22,18.99,19.52,18.84,19.48,18.97,0.5100000000000016,2.69,29561.99,57768.001
301320.SZ,2023-09-25,19.48,19.59,19.29,19.43,19.48,-0.05000000000000071,-0.26,21419.74,42146.479
301320.SZ,2023-09-26,19.4,20.14,19.12,19.99,19.43,0.5599999999999987,2.88,54964.9,110119.872
301320.SZ,2023-09-27,19.88,19.99,19.52,19.56,19.99,-0.4299999999999997,-2.15,36594.14,73004.571
301320.SZ,2023-09-28,19.75,20.0,19.67,19.74,19.56,0.17999999999999972,0.92,29319.9,58753.141
301320.SZ,2023-10-09,19.78,19.96,19.46,19.66,19.74,-0.0799999999999983,-0.41,24734.42,49170.095
301320.SZ,2023-10-10,19.76,19.83,19.35,19.4,19.66,-0.26000000000000156,-1.32,20930.0,41315.99
301320.SZ,2023-10-11,19.31,19.72,19.25,19.67,19.4,0.2700000000000031,1.39,21595.85,42676.089
301320.SZ,2023-10-12,19.77,19.92,19.47,19.73,19.67,0.05999999999999872,0.31,27148.15,54106.806
301320.SZ,2023-10-13,19.6,19.6,19.11,19.21,19.73,-0.5199999999999996,-2.64,25502.8,49750.734
301320.SZ,2023-10-16,19.29,19.43,18.71,18.82,19.21,-0.39000000000000057,-2.03,21848.18,41821.022
301320.SZ,2023-10-17,19.02,19.02,18.61,18.84,18.82,0.019999999999999574,0.11,13972.0,26459.12
301320.SZ,2023-10-18,18.74,18.74,18.18,18.22,18.84,-0.620000000000001,-3.29,17765.17,32900.851
301320.SZ,2023-10-19,18.13,18.95,18.08,18.37,18.22,0.15000000000000213,0.82,22107.38,41539.153
301320.SZ,2023-10-20,18.22,18.92,18.22,18.36,18.37,-0.010000000000001563,-0.05,21217.41,39848.558
301320.SZ,2023-10-23,18.54,18.59,17.69,17.78,18.36,-0.5799999999999983,-3.16,19645.48,35644.915
301320.SZ,2023-10-24,17.78,18.53,17.76,18.48,17.78,0.6999999999999993,3.94,19921.44,36900.666
301320.SZ,2023-10-25,18.73,18.75,18.32,18.51,18.48,0.030000000000001137,0.16,20883.0,39086.51
301320.SZ,2023-10-26,18.38,18.87,18.1,18.83,18.51,0.31999999999999673,1.73,26512.66,49827.855
301320.SZ,2023-10-27,18.76,18.95,18.58,18.89,18.83,0.060000000000002274,0.32,25021.92,47708.792
301320.SZ,2023-10-30,18.72,19.01,18.59,18.96,18.89,0.07000000000000028,0.37,23083.7,44085.02
301320.SZ,2023-10-31,18.87,18.98,18.52,18.79,18.96,-0.1700000000000017,-0.9,21478.14,40719.937
301320.SZ,2023-11-01,18.69,18.8,18.54,18.55,18.79,-0.23999999999999844,-1.28,14261.7,26919.596
301320.SZ,2023-11-02,18.61,18.69,18.3,18.31,18.55,-0.240000000000002,-1.29,15492.0,28928.563
301320.SZ,2023-11-03,18.33,19.22,18.32,18.92,18.31,0.610000000000003,3.33,34414.67,65838.242
301320.SZ,2023-11-06,19.17,19.41,18.95,19.39,18.92,0.46999999999999886,2.48,31729.18,61651.28
301320.SZ,2023-11-07,19.34,19.61,19.14,19.53,19.39,0.14000000000000057,0.72,30575.53,59968.719
301320.SZ,2023-11-08,19.53,19.56,19.23,19.38,19.53,-0.15000000000000213,-0.77,22346.52,43801.41
301320.SZ,2023-11-09,19.41,19.49,19.13,19.25,19.38,-0.129999999999999,-0.67,16216.36,31658.148
301320.SZ,2023-11-10,19.34,19.34,19.1,19.21,19.25,-0.03999999999999915,-0.21,14643.46,28489.189
301320.SZ,2023-11-13,19.31,19.73,19.25,19.68,19.21,0.46999999999999886,2.45,27915.69,55273.005
301320.SZ,2023-11-14,19.73,19.77,19.52,19.73,19.68,0.05000000000000071,0.25,20194.0,40181.332
301320.SZ,2023-11-15,19.91,20.01,19.66,19.78,19.73,0.05000000000000071,0.25,21665.77,43363.526
301320.SZ,2023-11-16,19.81,19.81,19.47,19.47,19.78,-0.3100000000000023,-1.57,16718.0,33134.315
301320.SZ,2023-11-17,19.51,19.69,19.38,19.63,19.47,0.16000000000000014,0.82,13845.97,27445.436
301320.SZ,2023-11-20,19.73,19.91,19.52,19.91,19.63,0.28000000000000114,1.43,25681.62,51436.987
301320.SZ,2023-11-21,19.93,20.06,19.48,19.49,19.91,-0.4200000000000017,-2.11,26003.0,51755.342
301320.SZ,2023-11-22,19.57,19.66,19.14,19.14,19.49,-0.34999999999999787,-1.8,21665.0,42351.406
301320.SZ,2023-11-23,19.05,19.48,19.05,19.44,19.14,0.3000000000000007,1.57,17492.48,34207.594
301320.SZ,2023-11-24,19.51,19.51,18.81,18.88,19.44,-0.5600000000000023,-2.88,21416.74,41193.954
301320.SZ,2023-11-27,18.9,19.14,18.73,18.94,18.88,0.060000000000002274,0.32,13474.25,25817.437
301320.SZ,2023-11-28,18.96,19.3,18.81,19.15,18.94,0.2099999999999973,1.11,16360.15,31690.32
301320.SZ,2023-11-29,19.13,19.44,18.89,19.03,19.15,-0.11999999999999744,-0.63,12737.82,24701.165
301320.SZ,2023-11-30,19.07,19.15,18.59,18.75,19.03,-0.28000000000000114,-1.47,14947.74,28461.154
301320.SZ,2023-12-01,18.92,18.92,18.48,18.73,18.75,-0.019999999999999574,-0.11,13804.0,26065.465
301320.SZ,2023-12-04,18.64,19.07,18.59,18.66,18.73,-0.07000000000000028,-0.37,10344.04,19640.161
301320.SZ,2023-12-05,18.57,18.62,18.1,18.1,18.66,-0.5599999999999987,-3.0,13862.0,25736.263
301320.SZ,2023-12-06,18.08,18.48,18.06,18.21,18.1,0.10999999999999943,0.61,13151.0,24340.412
301320.SZ,2023-12-07,18.17,18.35,18.01,18.22,18.21,0.00999999999999801,0.05,12148.0,22356.752
301320.SZ,2023-12-08,18.34,18.41,18.08,18.09,18.22,-0.129999999999999,-0.71,16961.74,31325.463
301320.SZ,2023-12-11,17.98,18.13,17.5,18.1,18.09,0.010000000000001563,0.06,35675.79,64342.612
301320.SZ,2023-12-12,18.07,18.15,17.93,18.11,18.1,0.00999999999999801,0.06,17631.5,32219.277
301320.SZ,2023-12-13,17.99,18.37,17.87,18.16,18.11,0.05000000000000071,0.28,15869.87,29158.155
301320.SZ,2023-12-14,18.26,18.33,18.02,18.04,18.16,-0.120000000000001,-0.66,16710.9,30685.478
301320.SZ,2023-12-15,18.02,18.2,17.95,17.95,18.04,-0.08999999999999986,-0.5,10423.06,19033.036
301320.SZ,2023-12-18,17.88,18.07,17.59,17.69,17.95,-0.259999999999998,-1.45,17215.66,31118.19
301320.SZ,2023-12-19,17.71,18.1,17.65,18.08,17.69,0.389999999999997,2.2,17467.91,31712.812
301320.SZ,2023-12-20,18.07,18.6,18.07,18.16,18.08,0.08000000000000185,0.44,22188.03,41246.334
301320.SZ,2023-12-21,18.1,18.3,17.5,18.19,18.16,0.030000000000001137,0.17,26412.32,47970.042
301320.SZ,2023-12-22,18.14,18.46,17.93,18.03,18.19,-0.16000000000000014,-0.88,24936.7,45976.719
301320.SZ,2023-12-25,17.96,18.1,17.63,17.65,18.03,-0.38000000000000256,-2.11,19908.23,35844.258
301320.SZ,2023-12-26,17.76,17.76,17.12,17.19,17.65,-0.4599999999999973,-2.61,20507.96,35922.345
301320.SZ,2023-12-27,17.14,17.76,17.14,17.61,17.19,0.41999999999999815,2.44,16175.3,28652.284
301320.SZ,2023-12-28,17.66,18.33,17.52,18.23,17.61,0.620000000000001,3.52,25987.31,47611.635
301320.SZ,2023-12-29,18.24,18.43,18.15,18.25,18.23,0.019999999999999574,0.11,14737.84,27294.086
301320.SZ,2024-01-02,18.33,18.37,18.08,18.09,18.25,-0.16000000000000014,-0.88,12018.95,22105.928
301320.SZ,2024-01-03,18.06,18.11,17.7,17.83,18.09,-0.26000000000000156,-1.44,15906.68,28744.788
301320.SZ,2024-01-04,17.83,18.28,17.61,18.21,17.83,0.38000000000000256,2.13,21010.49,38381.318
301320.SZ,2024-01-05,18.16,19.12,18.01,19.02,18.21,0.8099999999999987,4.45,94449.4,179303.925
301320.SZ,2024-01-08,19.74,20.24,18.08,18.1,19.02,-0.9199999999999982,-4.84,95194.2,182222.195
301320.SZ,2024-01-09,17.95,19.09,17.75,18.91,18.1,0.8099999999999987,4.48,88815.36,167769.329
301320.SZ,2024-01-10,18.85,18.91,18.16,18.24,18.91,-0.6700000000000017,-3.54,55718.35,104085.08
301320.SZ,2024-01-11,18.07,19.66,17.67,19.66,18.24,1.4200000000000017,7.79,120268.63,232804.048
301320.SZ,2024-01-12,19.4,20.32,19.13,19.24,19.66,-0.4200000000000017,-2.14,99755.07,197427.446
301320.SZ,2024-01-15,19.02,21.3,18.68,20.19,19.24,0.9500000000000028,4.94,152185.21,305270.142
301320.SZ,2024-01-16,20.35,21.09,19.52,20.06,20.19,-0.13000000000000256,-0.64,127606.93,261141.013
301320.SZ,2024-01-17,19.54,21.04,19.12,20.5,20.06,0.4400000000000013,2.19,164768.05,337905.261
301320.SZ,2024-01-18,19.84,20.15,19.33,20.06,20.5,-0.4400000000000013,-2.15,113889.55,227141.282
301320.SZ,2024-01-19,19.66,19.73,18.13,18.2,20.06,-1.8599999999999994,-9.27,95088.85,182487.19
301320.SZ,2024-01-22,17.99,17.99,15.89,16.3,18.2,-1.8999999999999986,-10.44,80488.11,138706.287
301320.SZ,2024-01-23,15.92,16.34,15.77,16.02,16.3,-0.28000000000000114,-1.72,52713.56,85558.728
301320.SZ,2024-01-24,16.2,17.04,16.02,16.74,16.02,0.7199999999999989,4.49,65174.16,109225.525
301320.SZ,2024-01-25,16.82,17.0,16.17,16.91,16.74,0.1700000000000017,1.02,55559.34,93518.894
301320.SZ,2024-01-26,16.8,17.02,16.28,16.32,16.91,-0.5899999999999999,-3.49,44770.88,75325.622
301320.SZ,2024-01-29,16.69,17.24,15.61,15.74,16.32,-0.5800000000000001,-3.55,51734.77,86011.837
301320.SZ,2024-01-30,15.47,15.66,14.74,14.74,15.74,-1.0,-6.35,42461.48,65082.406
301320.SZ,2024-01-31,14.73,14.96,13.9,13.9,14.74,-0.8399999999999999,-5.7,41579.49,60173.03
301320.SZ,2024-02-01,13.91,14.41,13.73,14.18,13.9,0.27999999999999936,2.01,34324.38,48928.98
301320.SZ,2024-02-02,14.18,14.54,12.98,13.42,14.18,-0.7599999999999998,-5.36,38760.15,53949.743
301320.SZ,2024-02-05,13.2,13.29,11.44,11.52,13.42,-1.9000000000000004,-14.16,52940.56,65027.862
301320.SZ,2024-02-06,11.53,12.51,11.25,12.02,11.52,0.5,4.34,50788.58,60661.701
301320.SZ,2024-02-07,12.04,12.22,11.16,11.3,12.02,-0.7199999999999989,-5.99,51749.86,61515.322
301320.SZ,2024-02-08,11.38,12.7,11.29,12.62,11.3,1.3199999999999985,11.68,48484.97,59076.186
301320.SZ,2024-02-19,12.84,13.48,12.74,13.27,12.62,0.6500000000000004,5.15,54729.09,72569.809
301320.SZ,2024-02-20,13.32,13.8,13.04,13.66,13.27,0.39000000000000057,2.94,43590.89,59678.709
301320.SZ,2024-02-21,13.47,14.29,13.42,13.66,13.66,0.0,0.0,53388.28,74816.381
301320.SZ,2024-02-22,13.63,14.23,13.63,14.23,13.66,0.5700000000000003,4.17,53066.71,75133.644
301320.SZ,2024-02-23,14.52,15.58,14.31,15.34,14.23,1.1099999999999994,7.8,85086.87,128736.964
301320.SZ,2024-02-26,15.36,16.48,15.21,16.08,15.34,0.7399999999999984,4.82,88034.0,140287.744
301320.SZ,2024-02-27,15.72,16.15,15.38,16.12,16.08,0.0400000000000027,0.25,75699.19,120597.18
301320.SZ,2024-02-28,15.99,16.19,14.29,14.32,16.12,-1.8000000000000007,-11.17,87825.72,136812.99
301320.SZ,2024-02-29,14.03,15.06,14.03,15.05,14.32,0.7300000000000004,5.1,51826.25,77868.286
301320.SZ,2024-03-01,15.19,15.76,15.02,15.69,15.05,0.6399999999999988,4.25,55288.9,86336.824
301320.SZ,2024-03-04,15.67,15.81,15.18,15.7,15.69,0.009999999999999787,0.06,43753.95,68838.588
301320.SZ,2024-03-05,15.49,15.65,15.13,15.19,15.7,-0.5099999999999998,-3.25,36400.27,56472.798
301320.SZ,2024-03-06,15.12,16.18,15.12,16.15,15.19,0.9599999999999991,6.32,79146.84,127164.588
301320.SZ,2024-03-07,16.72,16.97,15.69,15.74,16.15,-0.40999999999999837,-2.54,81015.54,132830.696
301320.SZ,2024-03-08,15.81,16.19,15.32,15.87,15.74,0.129999999999999,0.83,56710.66,90148.283
301320.SZ,2024-03-11,15.79,15.91,15.61,15.84,15.87,-0.02999999999999936,-0.19,36121.83,57585.321
301320.SZ,2024-03-12,15.91,16.08,15.6,16.06,15.84,0.21999999999999886,1.39,48482.72,77883.018
301320.SZ,2024-03-13,16.52,16.95,16.33,16.71,16.06,0.6500000000000021,4.05,86276.53,144903.141
301320.SZ,2024-03-14,16.42,16.6,15.81,16.06,16.71,-0.6500000000000021,-3.89,50724.77,83233.787
301320.SZ,2024-03-15,15.91,16.3,15.62,16.22,16.06,0.16000000000000014,1.0,47185.13,76495.717
301320.SZ,2024-03-18,16.22,17.24,16.22,16.97,16.22,0.75,4.62,78148.78,132703.501
301320.SZ,2024-03-19,16.79,16.98,16.6,16.96,16.97,-0.00999999999999801,-0.06,58973.32,100085.917
301320.SZ,2024-03-20,16.81,16.99,16.72,16.91,16.96,-0.05000000000000071,-0.29,39440.56,67251.775
301320.SZ,2024-03-21,16.84,17.22,16.45,16.94,16.91,0.030000000000001137,0.18,53537.36,91027.356
301320.SZ,2024-03-22,16.79,16.79,16.23,16.35,16.94,-0.5899999999999999,-3.48,40335.64,67338.298
301320.SZ,2024-03-25,16.3,16.49,15.75,15.75,16.35,-0.6000000000000014,-3.67,36038.93,59177.584
301320.SZ,2024-03-26,15.67,15.95,15.33,15.7,15.75,-0.05000000000000071,-0.32,25542.07,40511.407
301320.SZ,2024-03-27,15.6,15.8,14.76,14.76,15.7,-0.9399999999999995,-5.99,27413.0,42301.556
301320.SZ,2024-03-28,14.75,15.74,14.75,15.59,14.76,0.8300000000000001,5.62,31114.05,48560.045
301320.SZ,2024-03-29,15.47,15.9,15.44,15.73,15.59,0.14000000000000057,0.9,18798.36,29871.534
301320.SZ,2024-04-01,15.73,16.49,15.73,16.43,15.73,0.6999999999999993,4.45,31179.53,51130.329
301320.SZ,2024-04-02,16.3,16.55,16.01,16.15,16.43,-0.28000000000000114,-1.7,23771.12,39139.772
301320.SZ,2024-04-03,16.19,16.28,15.5,15.68,16.15,-0.46999999999999886,-2.91,20468.33,32711.29
301320.SZ,2024-04-08,15.69,15.8,15.08,15.19,15.68,-0.4900000000000002,-3.13,19297.04,30053.367
301320.SZ,2024-04-09,15.15,15.48,15.15,15.47,15.19,0.28000000000000114,1.84,13484.0,20942.41
301320.SZ,2024-04-10,15.47,15.52,14.84,14.96,15.47,-0.5099999999999998,-3.3,16798.76,25718.067
301320.SZ,2024-04-11,14.92,15.29,14.77,15.0,14.96,0.03999999999999915,0.27,12972.0,19784.884
301320.SZ,2024-04-12,15.23,15.49,15.06,15.06,15.0,0.0600000000000005,0.4,17503.88,27044.198
301320.SZ,2024-04-15,14.93,15.25,13.91,14.15,15.06,-0.9100000000000001,-6.04,23159.63,33730.772
301320.SZ,2024-04-16,14.15,14.22,12.7,12.95,14.15,-1.200000000000001,-8.48,26278.42,34956.52
301320.SZ,2024-04-17,13.2,14.08,13.2,14.05,12.95,1.1000000000000014,8.49,22555.38,31471.505
301320.SZ,2024-04-18,14.13,14.17,13.63,13.81,14.05,-0.2400000000000002,-1.71,18389.94,25916.931
301320.SZ,2024-04-19,13.73,13.96,13.35,13.41,13.81,-0.40000000000000036,-2.9,23394.93,32099.605
301320.SZ,2024-04-22,13.42,13.52,13.0,13.49,13.41,0.08000000000000007,0.6,15772.95,21274.068
301320.SZ,2024-04-23,13.55,13.91,13.44,13.8,13.49,0.3100000000000005,2.3,19115.12,26529.514
301320.SZ,2024-04-24,13.74,14.27,13.74,14.27,13.8,0.46999999999999886,3.41,23928.39,33967.365
301320.SZ,2024-04-25,14.04,14.2,13.94,14.0,14.27,-0.2699999999999996,-1.89,18831.7,26773.689
301320.SZ,2024-04-26,13.92,14.24,13.74,14.18,14.0,0.17999999999999972,1.29,21575.0,30682.937
301320.SZ,2024-04-29,14.23,14.64,14.2,14.61,14.18,0.4299999999999997,3.03,18402.01,26954.238
301320.SZ,2024-04-30,14.59,14.77,14.2,14.44,14.61,-0.16999999999999993,-1.16,22906.09,33493.709
301320.SZ,2024-05-06,14.57,14.92,14.57,14.86,14.44,0.41999999999999993,2.91,19482.41,29158.681
301320.SZ,2024-05-07,15.02,15.59,14.82,15.11,14.86,0.25,1.68,24588.68,37569.362
301320.SZ,2024-05-08,14.98,14.98,14.57,14.65,15.11,-0.4599999999999991,-3.04,20743.17,30993.221
301320.SZ,2024-05-09,14.6,14.96,14.58,14.89,14.65,0.2400000000000002,1.64,15341.26,23110.56
301320.SZ,2024-05-10,14.9,14.97,14.55,14.64,14.89,-0.25,-1.68,14398.16,21387.77
301320.SZ,2024-05-13,14.42,14.46,14.0,14.05,14.64,-0.5899999999999999,-4.03,16801.0,24091.574
301320.SZ,2024-05-14,14.05,14.37,14.05,14.24,14.05,0.1899999999999995,1.35,10634.29,15328.8
301320.SZ,2024-05-15,14.18,14.37,14.07,14.16,14.24,-0.08000000000000007,-0.56,8931.89,12860.526
301320.SZ,2024-05-16,14.23,14.86,14.22,14.62,14.16,0.4599999999999991,3.25,23189.15,34242.346
301320.SZ,2024-05-17,14.52,14.9,14.47,14.9,14.62,0.28000000000000114,1.92,24729.75,36710.013
301320.SZ,2024-05-20,14.82,14.97,14.44,14.54,14.9,-0.3600000000000012,-2.42,20271.7,29949.972
301320.SZ,2024-05-21,14.54,14.58,14.29,14.35,14.54,-0.1899999999999995,-1.31,11286.16,16427.319
301320.SZ,2024-05-22,14.42,14.61,14.28,14.6,14.35,0.25,1.74,12896.84,18924.074
301320.SZ,2024-05-23,14.57,14.78,14.38,14.44,14.6,-0.16000000000000014,-1.1,17362.0,25577.542
301320.SZ,2024-05-24,14.33,14.45,14.17,14.22,14.44,-0.21999999999999886,-1.52,12559.58,18182.15
301320.SZ,2024-05-27,14.23,14.56,13.93,14.55,14.22,0.33000000000000007,2.32,14004.56,20172.059
301320.SZ,2024-05-28,14.4,14.65,14.37,14.56,14.55,0.009999999999999787,0.07,13289.0,19547.741
301320.SZ,2024-05-29,14.46,14.89,14.42,14.81,14.56,0.25,1.72,24413.27,36531.659
301320.SZ,2024-05-30,14.77,14.81,14.57,14.58,14.81,-0.23000000000000043,-1.55,12998.0,19289.277
301320.SZ,2024-05-31,14.59,14.96,14.59,14.91,14.58,0.33000000000000007,2.26,17484.94,26295.113
301320.SZ,2024-06-03,15.0,15.04,14.23,14.5,14.91,-0.41000000000000014,-2.75,15749.5,23095.456
301320.SZ,2024-06-04,14.46,14.46,13.67,13.9,14.5,-0.5999999999999996,-4.14,18330.76,25524.907
301320.SZ,2024-06-05,13.9,13.9,13.37,13.42,13.9,-0.4800000000000004,-3.45,13939.56,19047.984
301320.SZ,2024-06-06,13.32,13.57,12.63,12.66,13.42,-0.7599999999999998,-5.66,21589.87,28014.374
301320.SZ,2024-06-07,12.78,13.25,12.78,13.13,12.66,0.47000000000000064,3.71,16852.45,22145.038
301320.SZ,2024-06-11,13.1,13.38,12.66,13.35,13.13,0.21999999999999886,1.68,13228.43,17340.623
301320.SZ,2024-06-12,13.35,13.87,13.33,13.85,13.35,0.5,3.75,17441.59,23831.449
301320.SZ,2024-06-13,13.75,14.44,13.72,13.83,13.85,-0.019999999999999574,-0.14,21615.34,30449.465
301320.SZ,2024-06-14,13.84,13.96,13.58,13.87,13.83,0.03999999999999915,0.29,14696.58,20372.384
301320.SZ,2024-06-17,13.72,13.98,13.71,13.86,13.87,-0.009999999999999787,-0.07,12176.34,16933.488
301320.SZ,2024-06-18,13.85,14.34,13.78,14.32,13.86,0.46000000000000085,3.32,18196.0,25923.46
301320.SZ,2024-06-19,14.35,16.54,14.24,15.6,14.32,1.2799999999999994,8.94,109057.17,169450.611
301320.SZ,2024-06-20,15.39,15.41,14.57,14.91,15.6,-0.6899999999999995,-4.42,77303.65,115899.622
301320.SZ,2024-06-21,14.75,14.77,14.12,14.47,14.91,-0.4399999999999995,-2.95,46756.0,67733.15
301320.SZ,2024-06-24,14.19,14.37,13.55,13.65,14.47,-0.8200000000000003,-5.67,37627.86,52716.817
301320.SZ,2024-06-25,13.89,15.33,13.89,14.3,13.66,0.6400000000000006,4.69,54837.06,79526.459
301320.SZ,2024-06-26,13.83,14.72,13.46,14.69,14.3,0.3899999999999988,2.73,51577.51,73388.746
301320.SZ,2024-06-27,14.56,15.27,14.44,14.81,14.69,0.120000000000001,0.82,70932.46,106171.483
301320.SZ,2024-06-28,14.52,15.17,14.43,14.94,14.81,0.129999999999999,0.88,65896.33,99009.846
301320.SZ,2024-07-01,14.92,15.0,14.44,14.98,14.94,0.040000000000000924,0.27,38953.33,57805.947
301320.SZ,2024-07-02,14.87,15.25,14.62,15.1,14.98,0.11999999999999922,0.8,70458.34,106449.928
301320.SZ,2024-07-03,15.05,15.07,14.32,14.42,15.1,-0.6799999999999997,-4.5,49543.42,72574.583
301320.SZ,2024-07-04,14.32,14.92,13.73,13.92,14.42,-0.5,-3.47,45423.65,65323.902
301320.SZ,2024-07-05,13.73,14.18,13.34,14.0,13.92,0.08000000000000007,0.57,29628.0,40904.371
301320.SZ,2024-07-08,14.0,14.0,13.14,13.3,14.0,-0.6999999999999993,-5.0,27702.33,37425.971
301320.SZ,2024-07-09,13.43,13.85,13.06,13.82,13.3,0.5199999999999996,3.91,30668.0,41744.018
301320.SZ,2024-07-10,13.77,13.9,13.57,13.65,13.82,-0.16999999999999993,-1.23,19902.0,27502.332
301320.SZ,2024-07-11,13.9,14.43,13.79,14.4,13.65,0.75,5.49,45515.75,65016.867
301320.SZ,2024-07-12,14.33,14.52,14.11,14.13,14.4,-0.2699999999999996,-1.87,24912.0,35728.014
301320.SZ,2024-07-15,13.98,14.13,13.63,13.77,14.13,-0.3600000000000012,-2.55,18315.0,25369.012
301320.SZ,2024-07-16,13.76,13.91,13.61,13.83,13.77,0.0600000000000005,0.44,16864.05,23381.751
301320.SZ,2024-07-17,13.81,13.81,13.33,13.33,13.83,-0.5,-3.62,20030.0,27202.304
301320.SZ,2024-07-18,13.32,13.32,12.84,13.2,13.33,-0.13000000000000078,-0.98,18326.21,24051.55
301320.SZ,2024-07-19,13.03,13.51,13.0,13.45,13.2,0.25,1.89,14406.05,19358.448
301320.SZ,2024-07-22,13.43,13.58,13.36,13.51,13.45,0.0600000000000005,0.45,11805.16,16007.762
301320.SZ,2024-07-23,13.43,13.69,13.29,13.3,13.51,-0.20999999999999908,-1.55,16568.33,22513.645
301320.SZ,2024-07-24,13.44,13.58,13.08,13.33,13.3,0.02999999999999936,0.23,19879.16,26685.937
301320.SZ,2024-07-25,13.16,13.67,13.1,13.48,13.33,0.15000000000000036,1.13,23543.0,31888.219
301320.SZ,2024-07-26,13.44,13.64,13.44,13.61,13.48,0.129999999999999,0.96,25205.8,34367.336
301320.SZ,2024-07-29,13.65,13.69,13.33,13.55,13.61,-0.05999999999999872,-0.44,18917.8,25654.722
301320.SZ,2024-07-30,13.51,13.58,13.32,13.43,13.55,-0.120000000000001,-0.89,20461.42,27672.761
301320.SZ,2024-07-31,13.43,13.89,13.28,13.83,13.43,0.40000000000000036,2.98,41513.36,57134.254
301320.SZ,2024-08-01,13.83,14.11,13.77,13.9,13.83,0.07000000000000028,0.51,39983.35,55858.763
301320.SZ,2024-08-02,13.81,13.83,13.48,13.56,13.9,-0.33999999999999986,-2.45,30905.0,42377.852
301320.SZ,2024-08-05,13.41,13.56,12.86,12.91,13.56,-0.6500000000000004,-4.79,32551.42,43190.454
301320.SZ,2024-08-06,12.91,13.1,12.71,12.85,12.91,-0.0600000000000005,-0.46,31472.31,40614.773
301320.SZ,2024-08-07,12.77,13.41,12.74,13.11,12.85,0.2599999999999998,2.02,26195.69,34582.732
301320.SZ,2024-08-08,13.03,13.08,12.67,12.75,13.11,-0.35999999999999943,-2.75,20142.0,25963.447
301320.SZ,2024-08-09,12.82,13.09,12.82,12.86,12.75,0.10999999999999943,0.86,15744.0,20473.826
301320.SZ,2024-08-12,12.74,12.86,12.55,12.68,12.86,-0.17999999999999972,-1.4,16014.16,20396.032
301320.SZ,2024-08-13,12.57,12.81,12.54,12.81,12.68,0.13000000000000078,1.03,10543.16,13466.176
301320.SZ,2024-08-14,12.77,12.95,12.74,12.87,12.81,0.05999999999999872,0.47,12146.16,15702.646
301320.SZ,2024-08-15,12.88,13.08,12.72,12.97,12.87,0.10000000000000142,0.78,15763.0,20506.571
301320.SZ,2024-08-16,13.03,13.2,12.95,13.1,12.97,0.129999999999999,1.0,18261.0,24034.732
301320.SZ,2024-08-19,13.05,13.12,12.77,12.83,13.1,-0.2699999999999996,-2.06,17029.16,22109.66
301320.SZ,2024-08-20,12.9,12.91,12.65,12.8,12.83,-0.02999999999999936,-0.23,13321.0,17114.471
301320.SZ,2024-08-21,12.85,13.09,12.68,12.88,12.8,0.08000000000000007,0.63,13747.0,17885.155
301320.SZ,2024-08-22,12.89,13.48,12.83,13.0,12.88,0.11999999999999922,0.93,40154.39,53092.599
301320.SZ,2024-08-23,13.33,14.23,13.03,13.43,13.0,0.4299999999999997,3.31,67574.23,91063.034
301320.SZ,2024-08-26,13.31,13.47,12.96,13.43,13.43,0.0,0.0,49362.92,65629.153
301320.SZ,2024-08-27,13.24,13.93,13.07,13.65,13.43,0.22000000000000064,1.64,70882.18,96830.325
301320.SZ,2024-08-28,13.33,13.82,13.06,13.54,13.65,-0.11000000000000121,-0.81,59204.57,79940.078
301320.SZ,2024-08-29,13.36,14.02,13.34,13.97,13.54,0.4300000000000015,3.18,70175.75,97288.201
301320.SZ,2024-08-30,14.01,14.36,13.83,13.85,13.97,-0.120000000000001,-0.86,87568.79,123923.157
301320.SZ,2024-09-02,13.74,14.01,13.6,13.68,13.85,-0.16999999999999993,-1.23,42655.33,59036.433
301320.SZ,2024-09-03,13.63,13.84,13.44,13.78,13.68,0.09999999999999964,0.73,43354.0,59481.325
301320.SZ,2024-09-04,13.63,13.64,13.33,13.46,13.78,-0.3199999999999985,-2.32,29834.16,40410.275
301320.SZ,2024-09-05,13.43,13.58,13.35,13.51,13.46,0.049999999999998934,0.37,20319.33,27559.344
301320.SZ,2024-09-06,13.43,13.5,12.95,12.99,13.51,-0.5199999999999996,-3.85,31369.32,41525.334
301320.SZ,2024-09-09,12.95,13.13,12.79,12.96,12.99,-0.02999999999999936,-0.23,17721.24,23100.774
301320.SZ,2024-09-10,13.08,13.6,12.94,13.46,12.96,0.5,3.86,44878.38,60048.401
301320.SZ,2024-09-11,13.61,13.61,13.18,13.28,13.46,-0.1800000000000015,-1.34,24310.74,32644.917
301320.SZ,2024-09-12,13.33,13.56,13.25,13.3,13.28,0.02000000000000135,0.15,21681.16,29238.743
301320.SZ,2024-09-13,13.23,13.38,12.68,12.77,13.3,-0.5300000000000011,-3.98,33497.0,43446.46
301320.SZ,2024-09-18,12.73,12.73,12.23,12.5,12.77,-0.2699999999999996,-2.11,19593.96,24533.227
301320.SZ,2024-09-19,12.54,12.83,12.51,12.74,12.5,0.2400000000000002,1.92,14149.0,18086.209
301320.SZ,2024-09-20,12.71,12.93,12.67,12.73,12.74,-0.009999999999999787,-0.08,13515.73,17368.207
301320.SZ,2024-09-23,12.71,12.8,12.54,12.55,12.73,-0.17999999999999972,-1.41,13595.16,17256.139
301320.SZ,2024-09-24,12.56,12.91,12.44,12.89,12.55,0.33999999999999986,2.71,22158.16,28370.519
301320.SZ,2024-09-25,13.03,13.28,12.96,13.09,12.89,0.1999999999999993,1.55,32325.91,42770.612
301320.SZ,2024-09-26,13.11,13.38,12.94,13.37,13.09,0.27999999999999936,2.14,29750.55,39551.242
301320.SZ,2024-09-27,13.48,14.19,13.44,14.02,13.37,0.6500000000000004,4.86,55028.33,76368.949
301320.SZ,2024-09-30,14.45,16.25,14.21,15.76,14.02,1.7400000000000002,12.41,136684.93,207960.654
301320.SZ,2024-10-08,18.02,18.55,16.22,18.17,15.76,2.410000000000002,15.29,192626.87,337947.57
301320.SZ,2024-10-09,16.91,17.26,15.47,15.48,18.17,-2.6900000000000013,-14.8,114944.73,188760.64
301320.SZ,2024-10-10,15.73,16.07,15.43,15.68,15.48,0.1999999999999993,1.29,56286.08,89141.675
301320.SZ,2024-10-11,15.42,18.34,14.72,16.66,15.68,0.9800000000000004,6.25,162370.72,270496.666
301320.SZ,2024-10-14,16.36,17.99,15.73,17.91,16.66,1.25,7.5,185164.72,317551.085
301320.SZ,2024-10-15,17.11,17.85,16.57,16.66,17.91,-1.25,-6.98,149606.4,257913.845
301320.SZ,2024-10-16,16.33,16.75,16.17,16.45,16.66,-0.21000000000000085,-1.26,72887.87,120439.463
301320.SZ,2024-10-17,16.41,16.85,16.33,16.53,16.45,0.08000000000000185,0.49,69620.98,115767.049
301320.SZ,2024-10-18,16.31,17.08,16.1,16.81,16.53,0.2799999999999976,1.69,88445.05,148123.948
301320.SZ,2024-10-21,16.72,17.21,16.66,16.9,16.81,0.08999999999999986,0.54,84429.12,143460.279
301320.SZ,2024-10-22,16.81,17.05,16.31,16.68,16.9,-0.21999999999999886,-1.3,68294.2,114839.506
301320.SZ,2024-10-23,16.61,16.99,16.51,16.71,16.68,0.030000000000001137,0.18,53383.33,89965.094
301320.SZ,2024-10-24,16.59,16.75,16.01,16.11,16.71,-0.6000000000000014,-3.59,49941.0,81542.215
301320.SZ,2024-10-25,16.31,16.41,16.11,16.3,16.11,0.19000000000000128,1.18,41064.42,67218.954
301320.SZ,2024-10-28,16.4,16.41,16.13,16.41,16.3,0.10999999999999943,0.67,38551.93,63203.466
301320.SZ,2024-10-29,16.36,16.66,15.84,15.86,16.41,-0.5500000000000007,-3.35,47285.77,77050.169
301320.SZ,2024-10-30,16.02,16.36,15.91,16.09,15.86,0.23000000000000043,1.45,38224.19,61893.328
301320.SZ,2024-10-31,16.06,16.79,16.02,16.52,16.09,0.4299999999999997,2.67,67604.11,111554.3
301320.SZ,2024-11-01,16.44,16.44,15.32,15.36,16.52,-1.1600000000000001,-7.02,59923.35,95145.801
301320.SZ,2024-11-04,15.42,16.1,15.42,16.04,15.36,0.6799999999999997,4.43,40562.0,64903.173
301320.SZ,2024-11-05,16.02,16.56,16.0,16.49,16.04,0.4499999999999993,2.81,53493.0,87705.026
301320.SZ,2024-11-06,16.47,16.85,16.42,16.56,16.49,0.07000000000000028,0.42,56262.61,94156.417
301320.SZ,2024-11-07,16.53,16.83,16.38,16.81,16.56,0.25,1.51,46616.97,77813.835
301320.SZ,2024-11-08,16.91,17.04,16.56,16.62,16.81,-0.18999999999999773,-1.13,48420.48,81656.809
301320.SZ,2024-11-11,16.67,17.09,16.53,17.09,16.62,0.46999999999999886,2.83,64695.26,110076.85
301320.SZ,2024-11-12,17.16,17.57,16.81,17.01,17.09,-0.0799999999999983,-0.47,70488.0,121274.939
301320.SZ,2024-11-13,16.99,17.37,16.54,17.03,17.01,0.019999999999999574,0.12,43742.73,74180.786
301320.SZ,2024-11-14,16.86,17.04,16.33,16.36,17.03,-0.6700000000000017,-3.93,34886.2,58427.524
301320.SZ,2024-11-15,16.38,16.59,16.0,16.0,16.36,-0.35999999999999943,-2.2,32304.0,52957.628
301320.SZ,2024-11-18,16.02,16.15,15.24,15.46,16.0,-0.5399999999999991,-3.37,34605.88,54030.916
301320.SZ,2024-11-19,15.52,16.14,15.45,16.14,15.46,0.6799999999999997,4.4,28424.22,45155.21
301320.SZ,2024-11-20,16.03,16.33,16.01,16.27,16.14,0.129999999999999,0.81,26629.42,43412.995
301320.SZ,2024-11-21,16.26,16.33,16.0,16.23,16.27,-0.03999999999999915,-0.25,24093.33,39182.791
301320.SZ,2024-11-22,16.13,16.4,15.34,15.42,16.23,-0.8100000000000005,-4.99,39070.0,62629.687
301320.SZ,2024-11-25,15.48,15.74,15.22,15.74,15.42,0.3200000000000003,2.08,27424.0,42705.123
301320.SZ,2024-11-26,15.71,15.86,15.43,15.47,15.74,-0.2699999999999996,-1.72,23147.0,36380.329
301320.SZ,2024-11-27,15.35,15.75,14.85,15.75,15.47,0.27999999999999936,1.81,31328.53,48126.999
301320.SZ,2024-11-28,15.69,15.9,15.63,15.69,15.75,-0.0600000000000005,-0.38,25081.5,39781.433
301320.SZ,2024-11-29,15.72,16.16,15.65,16.11,15.69,0.41999999999999993,2.68,33510.03,53768.999
301320.SZ,2024-12-02,16.13,16.65,16.07,16.56,16.11,0.4499999999999993,2.79,37871.46,62493.571
301320.SZ,2024-12-03,16.56,16.7,16.43,16.6,16.56,0.0400000000000027,0.24,31994.33,53354.936
301320.SZ,2024-12-04,16.44,16.75,16.26,16.45,16.6,-0.15000000000000213,-0.9,33952.93,56448.761
301320.SZ,2024-12-05,16.34,16.72,16.22,16.7,16.45,0.25,1.52,40449.0,67225.997
301320.SZ,2024-12-06,16.84,16.85,16.38,16.59,16.7,-0.10999999999999943,-0.66,36977.42,61751.744
301320.SZ,2024-12-09,16.59,16.77,16.39,16.62,16.59,0.030000000000001137,0.18,25615.41,42733.782
301320.SZ,2024-12-10,17.01,17.13,16.49,16.58,16.62,-0.0400000000000027,-0.24,44525.98,75285.216
301320.SZ,2024-12-11,16.6,16.91,16.41,16.86,16.58,0.28000000000000114,1.69,46766.0,78589.353
301320.SZ,2024-12-12,16.8,17.1,16.72,17.02,16.86,0.16000000000000014,0.95,39329.89,66954.441
301320.SZ,2024-12-13,16.97,17.5,16.78,17.05,17.02,0.030000000000001137,0.18,89916.06,154751.803
301320.SZ,2024-12-16,17.49,18.35,17.29,17.34,17.05,0.28999999999999915,1.7,170349.05,305017.238
301320.SZ,2024-12-17,17.09,17.26,15.88,15.97,17.34,-1.3699999999999992,-7.9,104917.51,172680.674
301320.SZ,2024-12-18,16.12,16.45,15.58,16.25,15.97,0.27999999999999936,1.75,60482.39,97868.225
301320.SZ,2024-12-19,15.97,16.39,15.88,16.3,16.25,0.05000000000000071,0.31,43110.96,70048.19
301320.SZ,2024-12-20,16.3,17.02,16.27,16.71,16.3,0.41000000000000014,2.52,56156.0,94501.904
301320.SZ,2024-12-23,16.61,16.71,15.5,15.55,16.71,-1.1600000000000001,-6.94,56759.42,91463.624
301320.SZ,2024-12-24,15.75,16.0,15.42,15.75,15.55,0.1999999999999993,1.29,28744.42,45358.202
301320.SZ,2024-12-25,15.63,15.8,15.0,15.13,15.75,-0.6199999999999992,-3.94,35818.0,54836.993
301320.SZ,2024-12-26,15.27,15.68,15.06,15.45,15.13,0.3199999999999985,2.12,26675.33,41544.355
301320.SZ,2024-12-27,15.52,15.96,15.42,15.67,15.45,0.22000000000000064,1.42,24983.33,39548.115
301320.SZ,2024-12-30,15.53,15.72,15.03,15.49,15.67,-0.17999999999999972,-1.15,27462.59,42772.401
301320.SZ,2024-12-31,15.49,15.66,14.83,14.83,15.49,-0.6600000000000001,-4.26,27261.84,41411.425
301320.SZ,2025-01-02,14.85,15.17,14.31,14.48,14.83,-0.34999999999999964,-2.36,34944.84,51889.628
301320.SZ,2025-01-03,14.58,14.76,13.77,13.81,14.48,-0.6699999999999999,-4.63,29708.0,42351.901
301320.SZ,2025-01-06,13.8,13.92,13.21,13.75,13.81,-0.0600000000000005,-0.43,22912.0,31401.959
301320.SZ,2025-01-07,13.75,14.33,13.75,14.28,13.75,0.5299999999999994,3.85,21247.0,29982.193
301320.SZ,2025-01-08,14.4,15.1,14.01,14.78,14.28,0.5,3.5,52731.0,77517.705
301320.SZ,2025-01-09,14.52,15.05,14.52,14.68,14.78,-0.09999999999999964,-0.68,40523.98,60040.016
301320.SZ,2025-01-10,14.69,14.88,14.13,14.13,14.68,-0.5499999999999989,-3.75,28489.98,41576.669
301320.SZ,2025-01-13,13.99,14.38,13.44,14.19,14.13,0.05999999999999872,0.42,20049.98,28244.106
301320.SZ,2025-01-14,14.19,14.9,14.19,14.9,14.19,0.7100000000000009,5.0,25916.0,38249.494
301320.SZ,2025-01-15,14.92,15.01,14.72,14.77,14.9,-0.13000000000000078,-0.87,20247.12,30202.906
301320.SZ,2025-01-16,14.8,14.98,14.54,14.65,14.77,-0.11999999999999922,-0.81,22199.0,32917.191
301320.SZ,2025-01-17,14.54,14.73,14.47,14.64,14.65,-0.009999999999999787,-0.07,18360.0,26971.832
301320.SZ,2025-01-20,14.88,15.11,14.64,15.01,14.64,0.3699999999999992,2.53,26253.0,39438.052
301320.SZ,2025-01-21,15.01,15.22,14.82,15.05,15.01,0.040000000000000924,0.27,20033.0,30205.858
301320.SZ,2025-01-22,15.0,15.07,14.75,14.86,15.05,-0.19000000000000128,-1.26,16804.0,25219.379
301320.SZ,2025-01-23,15.03,15.21,14.83,14.83,14.86,-0.02999999999999936,-0.2,19869.0,30072.663
301320.SZ,2025-01-24,14.72,15.2,14.72,15.14,14.83,0.3100000000000005,2.09,21964.0,33132.956
301320.SZ,2025-01-27,15.22,15.34,14.97,15.0,15.14,-0.14000000000000057,-0.92,21832.17,33278.893
301320.SZ,2025-02-05,15.34,15.46,15.08,15.44,15.0,0.4399999999999995,2.93,26591.0,40921.43
301320.SZ,2025-02-06,15.39,15.78,15.22,15.74,15.44,0.3000000000000007,1.94,31855.42,50002.621
301320.SZ,2025-02-07,15.73,16.01,15.62,15.81,15.74,0.07000000000000028,0.44,37603.91,59934.596
301320.SZ,2025-02-10,15.78,16.06,15.71,16.06,15.81,0.24999999999999822,1.58,34562.91,55358.549
301320.SZ,2025-02-11,16.06,16.15,15.88,16.03,16.06,-0.029999999999997584,-0.19,25989.0,41840.885
301320.SZ,2025-02-12,16.02,16.18,15.92,16.13,16.03,0.09999999999999787,0.62,27406.0,44266.619
301320.SZ,2025-02-13,16.08,16.14,15.78,15.83,16.13,-0.29999999999999893,-1.86,25281.0,40453.125
301320.SZ,2025-02-14,15.79,16.9,15.74,16.44,15.83,0.6100000000000012,3.85,89157.78,146771.454
301320.SZ,2025-02-17,16.31,17.08,16.23,16.59,16.44,0.14999999999999858,0.91,92053.42,153733.782
301320.SZ,2025-02-18,16.5,16.77,16.13,16.21,16.59,-0.379999999999999,-2.29,58615.0,97275.789
301320.SZ,2025-02-19,16.27,16.62,16.23,16.59,16.21,0.379999999999999,2.34,49466.83,82126.204
301320.SZ,2025-02-20,16.57,17.18,16.56,17.08,16.59,0.48999999999999844,2.95,71250.54,120946.896
301320.SZ,2025-02-21,17.08,17.12,16.83,17.01,17.08,-0.06999999999999673,-0.41,51816.0,88356.854
301320.SZ,2025-02-24,17.06,17.17,16.74,16.94,17.01,-0.07000000000000028,-0.41,45711.34,77914.592
301320.SZ,2025-02-25,16.91,16.98,16.69,16.73,16.94,-0.21000000000000085,-1.24,34191.77,57859.806
301320.SZ,2025-02-26,16.78,17.03,16.76,16.88,16.73,0.14999999999999858,0.9,34659.42,58877.164
301320.SZ,2025-02-27,16.85,16.92,16.43,16.8,16.88,-0.0799999999999983,-0.47,39237.28,65894.424
301320.SZ,2025-02-28,16.72,16.82,16.23,16.25,16.8,-0.5500000000000007,-3.27,35516.0,58590.986
301320.SZ,2025-03-03,16.27,16.52,16.07,16.18,16.25,-0.07000000000000028,-0.43,25390.0,41654.446
301320.SZ,2025-03-04,16.26,16.69,16.1,16.58,16.18,0.3999999999999986,2.47,28933.0,48049.188
301320.SZ,2025-03-05,16.51,16.99,16.49,16.87,16.58,0.2900000000000027,1.75,37321.42,62922.314
301320.SZ,2025-03-06,17.1,17.94,17.07,17.21,16.87,0.33999999999999986,2.02,84887.54,148933.214
301320.SZ,2025-03-07,17.2,20.58,17.2,18.4,17.21,1.1899999999999977,6.91,221923.8,424409.067
301320.SZ,2025-03-10,18.29,19.7,18.06,19.29,18.4,0.8900000000000006,4.84,223690.44,427588.824
301320.SZ,2025-03-11,18.6,19.32,18.45,19.04,19.29,-0.25,-1.3,145090.25,276701.857
301320.SZ,2025-03-12,19.39,20.57,19.08,19.33,19.04,0.28999999999999915,1.52,169751.21,335270.819
301320.SZ,2025-03-13,19.5,20.16,18.44,18.76,19.33,-0.5699999999999967,-2.95,137086.35,262575.713
301320.SZ,2025-03-14,19.1,19.2,18.23,18.94,18.76,0.17999999999999972,0.96,92179.17,173406.207
301320.SZ,2025-03-17,18.91,19.68,18.38,19.2,18.94,0.259999999999998,1.37,112890.84,215649.889
301320.SZ,2025-03-18,18.9,19.16,18.47,18.63,19.2,-0.5700000000000003,-2.97,73435.0,138415.744
301320.SZ,2025-03-19,18.58,18.69,18.07,18.4,18.63,-0.23000000000000043,-1.23,53795.89,99261.666
301320.SZ,2025-03-20,18.35,19.55,18.17,19.09,18.4,0.6900000000000013,3.75,109284.53,208245.711
301320.SZ,2025-03-21,18.8,19.08,18.41,18.9,19.09,-0.19000000000000128,-1.0,77636.89,146041.908
301320.SZ,2025-03-24,18.72,19.37,18.01,18.53,18.9,-0.36999999999999744,-1.96,101762.16,190327.389
301320.SZ,2025-03-25,18.77,19.62,18.6,19.34,18.53,0.8099999999999987,4.37,125948.4,242960.408
301320.SZ,2025-03-26,19.06,20.36,18.8,19.43,19.34,0.08999999999999986,0.47,135067.5,266589.76
301320.SZ,2025-03-27,19.38,19.41,18.38,18.6,19.43,-0.8299999999999983,-4.27,91684.33,172649.837
301320.SZ,2025-03-28,18.89,19.06,17.63,17.67,18.6,-0.9299999999999997,-5.0,82038.53,149516.019
301320.SZ,2025-03-31,17.3,17.73,16.85,17.6,17.67,-0.07000000000000028,-0.4,67896.13,117858.714
301320.SZ,2025-04-01,17.86,17.86,17.04,17.14,17.6,-0.46000000000000085,-2.61,46096.86,80511.546
301320.SZ,2025-04-02,17.21,17.68,17.09,17.28,17.14,0.14000000000000057,0.82,39784.0,69659.088
301320.SZ,2025-04-03,17.16,17.38,16.59,16.76,17.28,-0.5199999999999996,-3.01,38923.0,66250.975
301320.SZ,2025-04-07,15.47,15.72,13.41,13.41,16.76,-3.3500000000000014,-19.99,72427.0,103499.723
301320.SZ,2025-04-08,13.71,14.06,13.08,13.51,13.41,0.09999999999999964,0.75,69495.0,94531.392
301320.SZ,2025-04-09,13.15,13.93,12.06,13.76,13.51,0.25,1.85,68859.0,90793.441
301320.SZ,2025-04-10,14.08,14.74,14.08,14.3,13.76,0.5400000000000009,3.92,66605.0,96821.815
301320.SZ,2025-04-11,14.17,14.65,14.14,14.45,14.3,0.14999999999999858,1.05,38167.0,55517.382
301320.SZ,2025-04-14,15.02,15.02,14.56,14.67,14.45,0.22000000000000064,1.52,36650.66,54414.6
301320.SZ,2025-04-15,14.78,15.17,14.58,14.85,14.67,0.17999999999999972,1.23,40454.0,60201.631
301320.SZ,2025-04-16,14.84,14.88,14.31,14.57,14.85,-0.27999999999999936,-1.89,30026.0,44099.976
301320.SZ,2025-04-17,14.43,15.13,14.43,14.76,14.57,0.1899999999999995,1.3,34219.0,51121.574
301320.SZ,2025-04-18,14.78,15.0,14.58,14.88,14.76,0.120000000000001,0.81,25039.0,37292.738
301320.SZ,2025-04-21,15.26,15.57,14.93,15.57,14.88,0.6899999999999995,4.64,57818.0,88974.104
301320.SZ,2025-04-22,15.62,16.02,15.57,15.77,15.57,0.1999999999999993,1.28,53981.0,85661.309
301320.SZ,2025-04-23,15.82,16.49,15.81,16.43,15.77,0.6600000000000001,4.19,55279.0,90132.555
301320.SZ,2025-04-24,16.3,16.6,16.02,16.27,16.43,-0.16000000000000014,-0.97,44304.0,72709.066
301320.SZ,2025-04-25,16.3,16.51,16.09,16.25,16.27,-0.019999999999999574,-0.12,29195.71,47624.175
301320.SZ,2025-04-28,16.24,16.31,15.9,16.09,16.25,-0.16000000000000014,-0.98,25430.0,41045.063
301320.SZ,2025-04-29,16.04,16.58,15.97,16.37,16.09,0.28000000000000114,1.74,27106.0,44631.835
301320.SZ,2025-04-30,16.45,16.69,16.3,16.37,16.37,0.0,0.0,38156.0,63434.106
301320.SZ,2025-05-06,16.48,17.14,16.48,17.08,16.37,0.7099999999999973,4.34,42785.57,72613.688
301320.SZ,2025-05-07,17.21,17.29,16.83,17.03,17.08,-0.04999999999999716,-0.29,39405.0,67705.164
301320.SZ,2025-05-08,16.92,17.31,16.92,17.31,17.03,0.2799999999999976,1.64,31302.12,54119.215
301320.SZ,2025-05-09,17.25,17.3,16.81,16.98,17.31,-0.3299999999999983,-1.91,28948.0,49490.927
301320.SZ,2025-05-12,17.07,17.37,17.01,17.24,16.98,0.259999999999998,1.53,26848.16,46358.272
301320.SZ,2025-05-13,17.36,17.54,17.03,17.09,17.24,-0.14999999999999858,-0.87,29293.0,50572.742
301320.SZ,2025-05-14,17.1,17.39,16.92,17.17,17.09,0.08000000000000185,0.47,40356.0,69585.535
301320.SZ,2025-05-15,17.11,17.35,16.95,17.03,17.17,-0.14000000000000057,-0.82,27374.0,46979.808
301320.SZ,2025-05-16,17.13,19.54,16.97,18.94,17.03,1.9100000000000001,11.22,148225.54,273137.234
301320.SZ,2025-05-19,19.01,19.13,17.96,18.66,18.94,-0.28000000000000114,-1.48,127328.57,235740.902
301320.SZ,2025-05-20,18.7,20.0,18.28,19.55,18.66,0.8900000000000006,4.77,147604.64,285097.822
301320.SZ,2025-05-21,19.29,20.1,19.11,19.86,19.55,0.3099999999999987,1.59,133190.21,263565.838
301320.SZ,2025-05-22,19.67,21.47,19.15,20.27,19.86,0.41000000000000014,2.06,193618.65,393336.435
301320.SZ,2025-05-23,19.9,22.45,19.7,20.94,20.27,0.6700000000000017,3.31,210811.94,450134.621
301320.SZ,2025-05-26,20.78,21.89,20.47,20.84,20.94,-0.10000000000000142,-0.48,164742.51,349280.547
301320.SZ,2025-05-27,20.56,20.83,19.23,19.64,20.84,-1.1999999999999993,-5.76,161456.51,319518.556
301320.SZ,2025-05-28,20.4,22.68,19.6,19.61,19.64,-0.030000000000001137,-0.15,273953.91,572462.555
301320.SZ,2025-05-29,19.61,20.0,18.91,19.24,19.61,-0.370000000000001,-1.89,197318.65,384949.911
301320.SZ,2025-05-30,19.11,19.68,18.52,19.23,19.24,-0.00999999999999801,-0.05,151026.0,289133.944
301320.SZ,2025-06-03,19.4,20.33,19.25,19.77,19.23,0.5399999999999991,2.81,118334.0,234458.927
301320.SZ,2025-06-04,19.71,19.86,19.18,19.23,19.77,-0.5399999999999991,-2.73,89347.0,172735.006
301320.SZ,2025-06-05,19.19,19.57,18.9,19.12,19.23,-0.10999999999999943,-0.57,83176.0,159400.854
301320.SZ,2025-06-06,19.3,19.3,18.71,18.92,19.12,-0.1999999999999993,-1.05,51037.69,96574.663
301320.SZ,2025-06-09,18.83,19.49,18.83,19.21,18.92,0.28999999999999915,1.53,59765.02,114318.15
301320.SZ,2025-06-10,19.3,20.89,19.2,20.4,19.21,1.1899999999999977,6.19,168844.0,338805.443
301320.SZ,2025-06-11,20.2,20.5,19.85,20.1,20.4,-0.29999999999999716,-1.47,88322.0,177303.556
301320.SZ,2025-06-12,20.08,20.3,19.75,20.08,20.1,-0.020000000000003126,-0.1,59265.33,118762.605
301320.SZ,2025-06-13,19.8,19.93,19.06,19.14,20.08,-0.9399999999999977,-4.68,69112.31,134226.289
301320.SZ,2025-06-16,18.96,19.66,18.9,19.47,19.14,0.3299999999999983,1.72,46231.98,89821.092
301320.SZ,2025-06-17,19.69,19.69,18.8,19.11,19.47,-0.35999999999999943,-1.85,53796.64,102978.583
301320.SZ,2025-06-18,19.07,19.07,18.65,19.01,19.11,-0.09999999999999787,-0.52,39913.49,75071.889
301320.SZ,2025-06-19,19.08,19.14,18.71,18.76,19.01,-0.25,-1.32,40336.0,76131.515
301320.SZ,2025-06-20,18.65,19.11,18.47,18.54,18.76,-0.22000000000000242,-1.17,33241.15,62213.078
301320.SZ,2025-06-23,18.3,18.79,18.3,18.72,18.54,0.17999999999999972,0.97,30646.98,57081.102
301320.SZ,2025-06-24,18.72,19.62,18.72,19.55,18.72,0.8300000000000018,4.43,52881.0,101939.152
301320.SZ,2025-06-25,19.5,19.8,18.13,18.4,19.55,-1.1500000000000021,-5.88,152540.0,284615.363
301320.SZ,2025-06-26,18.2,18.96,18.18,18.61,18.4,0.21000000000000085,1.14,94093.0,174970.897
301320.SZ,2025-06-27,18.73,18.95,18.51,18.88,18.61,0.2699999999999996,1.45,56642.0,106157.415
301320.SZ,2025-06-30,19.01,19.41,18.75,19.2,18.88,0.3200000000000003,1.69,56409.0,108321.644
301320.SZ,2025-07-01,19.35,19.62,19.2,19.43,19.2,0.23000000000000043,1.2,70800.0,137270.128
301320.SZ,2025-07-02,19.55,20.25,19.16,19.7,19.43,0.2699999999999996,1.39,133098.0,263173.855
301320.SZ,2025-07-03,19.55,19.64,19.33,19.41,19.7,-0.28999999999999915,-1.47,79084.0,153791.284
301320.SZ,2025-07-04,19.3,19.4,18.91,18.98,19.41,-0.4299999999999997,-2.22,52652.0,100464.716
301320.SZ,2025-07-07,18.98,19.22,18.82,19.16,18.98,0.17999999999999972,0.95,32805.0,62647.208
301320.SZ,2025-07-08,19.25,19.45,19.06,19.42,19.16,0.26000000000000156,1.36,38102.0,73637.839
301320.SZ,2025-07-09,19.48,19.71,19.25,19.41,19.42,-0.010000000000001563,-0.05,43159.0,83978.232
301320.SZ,2025-07-10,19.4,19.5,19.01,19.2,19.41,-0.21000000000000085,-1.08,38213.15,73198.214
301320.SZ,2025-07-11,19.27,19.27,18.9,19.18,19.2,-0.019999999999999574,-0.1,32208.0,61569.69
301320.SZ,2025-07-14,19.2,19.79,19.07,19.77,19.18,0.5899999999999999,3.08,58650.15,114888.804
301320.SZ,2025-07-15,19.7,19.87,19.28,19.64,19.77,-0.129999999999999,-0.66,48092.0,94095.997
301320.SZ,2025-07-16,19.6,20.16,19.52,19.92,19.64,0.28000000000000114,1.43,62240.0,123670.546
301320.SZ,2025-07-17,19.81,20.03,19.76,19.85,19.92,-0.07000000000000028,-0.35,46681.0,92949.927
301320.SZ,2025-07-18,19.88,20.14,19.77,19.9,19.85,0.04999999999999716,0.25,49623.0,98797.474
301320.SZ,2025-07-21,20.1,21.24,19.9,21.1,19.9,1.2000000000000028,6.03,145299.98,299334.817
301320.SZ,2025-07-22,20.94,21.48,20.39,20.93,21.1,-0.1700000000000017,-0.81,119533.02,248621.265
301320.SZ,2025-07-23,20.7,20.85,20.09,20.12,20.93,-0.8099999999999987,-3.87,84016.31,171222.529
301320.SZ,2025-07-24,20.18,20.39,19.89,19.98,20.12,-0.14000000000000057,-0.7,67430.0,135438.682
301320.SZ,2025-07-25,19.98,19.98,19.69,19.91,19.98,-0.07000000000000028,-0.35,45064.07,89388.524
301320.SZ,2025-07-28,19.9,20.49,19.9,20.41,19.91,0.5,2.51,64768.17,131436.011
301320.SZ,2025-07-29,20.4,20.4,19.92,20.19,20.41,-0.21999999999999886,-1.08,43492.0,87382.386
301320.SZ,2025-07-30,20.1,20.19,19.73,19.96,20.19,-0.23000000000000043,-1.14,40397.0,80463.459
301320.SZ,2025-07-31,20.13,20.68,19.93,20.34,19.96,0.379999999999999,1.9,81863.5,166836.787
301320.SZ,2025-08-01,20.2,20.51,20.13,20.24,20.34,-0.10000000000000142,-0.49,57655.14,117094.272
301320.SZ,2025-08-04,19.91,20.91,19.9,20.88,20.24,0.6400000000000006,3.16,66372.4,137153.993
301320.SZ,2025-08-05,21.15,22.45,20.95,22.3,20.88,1.4200000000000017,6.8,140221.46,306402.358
301320.SZ,2025-08-06,22.13,23.18,21.9,22.55,22.3,0.25,1.12,126066.12,284036.687
301320.SZ,2025-08-07,22.41,22.9,22.2,22.5,22.55,-0.05000000000000071,-0.22,87669.68,198148.976
301320.SZ,2025-08-08,22.48,22.53,21.82,22.01,22.5,-0.48999999999999844,-2.18,72810.7,160851.544
301320.SZ,2025-08-11,21.98,23.8,21.9,22.98,22.01,0.9699999999999989,4.41,102732.22,234523.772
301320.SZ,2025-08-12,22.84,22.95,22.26,22.74,22.98,-0.240000000000002,-1.04,71303.71,161159.599
301320.SZ,2025-08-13,22.7,22.87,22.29,22.51,22.74,-0.22999999999999687,-1.01,53321.51,120013.652
301320.SZ,2025-08-14,22.58,22.58,21.9,21.95,22.51,-0.5600000000000023,-2.49,48046.91,106581.48
301320.SZ,2025-08-15,21.98,22.46,21.95,22.12,21.95,0.1700000000000017,0.77,46845.42,104215.624
301320.SZ,2025-08-18,22.37,22.55,21.87,21.98,22.12,-0.14000000000000057,-0.63,64483.5,142805.934
301320.SZ,2025-08-19,21.98,22.37,21.75,22.15,21.98,0.16999999999999815,0.77,60062.0,132315.436
301320.SZ,2025-08-20,22.1,22.21,21.81,22.2,22.15,0.05000000000000071,0.23,45326.1,99798.028
301320.SZ,2025-08-21,22.27,22.27,21.55,21.69,22.2,-0.509999999999998,-2.3,53119.21,115654.387
301320.SZ,2025-08-22,21.62,21.83,21.48,21.68,21.69,-0.010000000000001563,-0.05,40115.0,86899.793
301320.SZ,2025-08-25,21.76,21.84,21.28,21.52,21.68,-0.16000000000000014,-0.74,61448.33,132526.401
301320.SZ,2025-08-26,21.5,21.73,21.31,21.46,21.52,-0.05999999999999872,-0.28,43682.0,94160.47
301320.SZ,2025-08-27,21.56,22.16,20.98,21.04,21.46,-0.4200000000000017,-1.96,73298.0,158578.496
301320.SZ,2025-08-28,21.07,21.49,20.29,21.04,21.04,0.0,0.0,56881.88,118814.01
301320.SZ,2025-08-29,20.7,20.8,19.85,19.9,21.04,-1.1400000000000006,-5.42,81072.2,163348.733
301320.SZ,2025-09-01,19.91,20.11,19.68,19.77,19.9,-0.129999999999999,-0.65,51997.87,103089.674
301320.SZ,2025-09-02,19.57,19.66,18.57,19.17,19.77,-0.5999999999999979,-3.03,75936.88,144671.693
301320.SZ,2025-09-03,19.1,19.24,18.5,18.57,19.17,-0.6000000000000014,-3.13,39770.98,75036.558
301320.SZ,2025-09-04,18.57,19.03,18.37,18.65,18.57,0.0799999999999983,0.43,50406.04,94637.8
301320.SZ,2025-09-05,18.68,18.98,18.52,18.96,18.65,0.3100000000000023,1.66,34707.06,65351.165
301320.SZ,2025-09-08,19.08,19.17,18.83,19.08,18.96,0.11999999999999744,0.63,32748.3,62294.26
301320.SZ,2025-09-09,19.14,19.15,18.53,18.74,19.08,-0.33999999999999986,-1.78,31963.31,60069.379
301320.SZ,2025-09-10,18.75,18.88,18.53,18.68,18.74,-0.05999999999999872,-0.32,22889.28,42876.206
301320.SZ,2025-09-11,18.71,18.94,18.43,18.89,18.68,0.21000000000000085,1.12,31526.0,59033.937
301320.SZ,2025-09-12,18.86,19.09,18.76,18.88,18.89,-0.010000000000001563,-0.05,32452.0,61359.213
301320.SZ,2025-09-15,18.74,18.89,18.59,18.71,18.88,-0.16999999999999815,-0.9,25121.0,46987.391
301320.SZ,2025-09-16,18.72,19.19,18.71,19.19,18.71,0.4800000000000004,2.57,39597.8,75227.157
301320.SZ,2025-09-17,19.19,19.4,18.97,19.26,19.19,0.07000000000000028,0.36,32700.72,62962.312
301320.SZ,2025-09-18,19.26,19.35,18.6,18.86,19.26,-0.40000000000000213,-2.08,41126.5,78456.912
301320.SZ,2025-09-19,18.86,18.91,18.45,18.51,18.86,-0.34999999999999787,-1.86,30993.08,57599.48
301320.SZ,2025-09-22,18.52,18.63,18.33,18.51,18.51,0.0,0.0,19480.22,36008.239
301320.SZ,2025-09-23,18.51,18.62,17.68,18.26,18.51,-0.25,-1.35,41814.0,75370.527
301320.SZ,2025-09-24,18.18,18.46,18.08,18.34,18.26,0.0799999999999983,0.44,29145.22,53404.785
301320.SZ,2025-09-25,18.25,18.57,18.15,18.22,18.34,-0.120000000000001,-0.65,28630.0,52480.921
301320.SZ,2025-09-26,18.16,18.3,17.93,17.96,18.22,-0.259999999999998,-1.43,23308.05,42156.645
301320.SZ,2025-09-29,17.89,18.19,17.66,18.18,17.96,0.21999999999999886,1.22,18885.0,34020.314
301320.SZ,2025-09-30,18.18,18.3,18.09,18.13,18.18,-0.05000000000000071,-0.28,19411.0,35289.105
301320.SZ,2025-10-09,18.25,18.25,17.93,17.97,18.13,-0.16000000000000014,-0.88,29065.0,52587.813
301320.SZ,2025-10-10,17.99,18.27,17.86,17.99,17.97,0.019999999999999574,0.11,30853.0,55571.518
301320.SZ,2025-10-13,17.4,17.9,16.8,17.85,17.99,-0.13999999999999702,-0.78,29397.94,51546.287
301320.SZ,2025-10-14,17.9,18.12,17.52,17.62,17.85,-0.23000000000000043,-1.29,28541.0,50854.806
301320.SZ,2025-10-15,17.74,17.97,17.53,17.95,17.62,0.3299999999999983,1.87,22143.01,39472.517
301320.SZ,2025-10-16,17.9,17.97,17.52,17.64,17.95,-0.3099999999999987,-1.73,18098.25,32036.612
301320.SZ,2025-10-17,17.69,17.7,17.08,17.1,17.64,-0.5399999999999991,-3.06,21219.57,36762.871
301320.SZ,2025-10-20,17.34,17.64,17.29,17.51,17.1,0.41000000000000014,2.4,22331.32,39063.985
301320.SZ,2025-10-21,17.5,17.88,17.5,17.84,17.51,0.3299999999999983,1.88,19246.91,34119.58
301320.SZ,2025-10-22,17.76,18.07,17.74,17.96,17.84,0.120000000000001,0.67,29196.67,52493.581
301320.SZ,2025-10-23,17.94,18.14,17.7,18.13,17.96,0.16999999999999815,0.95,26711.0,48004.707
301320.SZ,2025-10-24,18.2,18.4,18.01,18.32,18.13,0.19000000000000128,1.05,33955.0,62091.38
301320.SZ,2025-10-27,18.34,18.72,18.26,18.64,18.32,0.3200000000000003,1.75,37497.42,69317.15
301320.SZ,2025-10-28,18.55,18.68,18.46,18.56,18.64,-0.08000000000000185,-0.43,25426.02,47197.066
301320.SZ,2025-10-29,18.36,18.46,18.03,18.2,18.56,-0.35999999999999943,-1.94,38580.58,70324.383
301320.SZ,2025-10-30,18.24,18.29,17.82,17.82,18.2,-0.379999999999999,-2.09,24630.17,44412.68
301320.SZ,2025-10-31,17.83,18.24,17.8,18.15,17.82,0.3299999999999983,1.85,21173.2,38354.983
301320.SZ,2025-11-03,18.1,18.35,18.1,18.33,18.15,0.17999999999999972,0.99,24166.0,44076.291
301320.SZ,2025-11-04,18.25,18.42,18.08,18.2,18.33,-0.129999999999999,-0.71,20600.0,37527.76
301320.SZ,2025-11-05,18.17,18.42,18.04,18.39,18.2,0.19000000000000128,1.04,20068.98,36730.83
301320.SZ,2025-11-06,18.34,18.45,18.25,18.34,18.39,-0.05000000000000071,-0.27,18546.53,34007.408
301320.SZ,2025-11-07,18.28,18.39,18.16,18.24,18.34,-0.10000000000000142,-0.55,17756.0,32375.82
301320.SZ,2025-11-10,18.29,18.35,18.21,18.29,18.24,0.05000000000000071,0.27,17376.0,31763.538
301320.SZ,2025-11-11,18.37,18.41,18.16,18.19,18.29,-0.09999999999999787,-0.55,21711.0,39744.191
301320.SZ,2025-11-12,18.2,18.25,17.9,18.0,18.19,-0.19000000000000128,-1.04,22783.0,41147.826
301320.SZ,2025-11-13,18.12,18.12,17.89,18.08,18.0,0.0799999999999983,0.44,16554.0,29822.082
301320.SZ,2025-11-14,18.02,18.34,18.02,18.17,18.08,0.09000000000000341,0.5,20165.75,36774.132
301320.SZ,2025-11-17,18.17,18.32,18.05,18.27,18.17,0.09999999999999787,0.55,18661.75,34040.48
301320.SZ,2025-11-18,18.22,18.32,17.94,18.04,18.27,-0.23000000000000043,-1.26,21050.0,37985.099
301320.SZ,2025-11-19,18.06,18.09,17.23,17.3,18.04,-0.7399999999999984,-4.1,34819.77,60886.377
301320.SZ,2025-11-20,17.47,17.53,17.1,17.27,17.3,-0.030000000000001137,-0.17,25609.23,44385.932
301320.SZ,2025-11-21,17.08,17.33,16.16,16.35,17.27,-0.9199999999999982,-5.33,36010.42,59932.339
301320.SZ,2025-11-24,16.48,17.07,16.39,17.02,16.35,0.6699999999999982,4.1,29629.95,49678.404
301320.SZ,2025-11-25,17.13,17.44,16.9,17.15,17.02,0.129999999999999,0.76,22751.0,39241.089
301320.SZ,2025-11-26,17.09,17.84,17.01,17.04,17.15,-0.10999999999999943,-0.64,37192.94,64608.903
301320.SZ,2025-11-27,17.04,17.29,16.98,17.19,17.04,0.15000000000000213,0.88,15539.29,26695.65
301320.SZ,2025-11-28,17.18,17.31,17.06,17.31,17.19,0.11999999999999744,0.7,18348.52,31522.139
301320.SZ,2025-12-01,17.36,17.69,17.3,17.46,17.31,0.15000000000000213,0.87,19958.3,34917.998
301320.SZ,2025-12-02,17.39,17.48,17.21,17.37,17.46,-0.08999999999999986,-0.52,15194.06,26377.48
301320.SZ,2025-12-03,17.4,17.42,17.08,17.18,17.37,-0.19000000000000128,-1.09,10722.0,18448.29
301320.SZ,2025-12-04,17.22,17.31,16.91,17.01,17.18,-0.16999999999999815,-0.99,14862.16,25398.281
301320.SZ,2025-12-05,16.98,17.44,16.84,17.42,17.01,0.41000000000000014,2.41,16881.0,29080.123
301320.SZ,2025-12-08,17.46,17.62,17.34,17.61,17.42,0.18999999999999773,1.09,16994.0,29788.759
301320.SZ,2025-12-09,17.56,17.68,17.43,17.43,17.61,-0.17999999999999972,-1.02,12772.0,22403.419
301320.SZ,2025-12-10,17.45,17.5,17.24,17.3,17.43,-0.129999999999999,-0.75,17287.09,29991.231
301320.SZ,2025-12-11,17.26,17.38,16.79,16.79,17.3,-0.5100000000000016,-2.95,23207.0,39415.094
301320.SZ,2025-12-12,16.8,17.05,16.61,16.71,16.79,-0.0799999999999983,-0.48,21242.06,35836.44
301320.SZ,2025-12-15,16.53,16.79,16.28,16.59,16.71,-0.120000000000001,-0.72,21451.0,35515.036
301320.SZ,2025-12-16,16.6,16.65,16.11,16.22,16.59,-0.370000000000001,-2.23,17156.0,27875.879
301320.SZ,2025-12-17,16.3,16.35,15.84,16.18,16.22,-0.03999999999999915,-0.25,21064.94,33798.59
301320.SZ,2025-12-18,16.22,16.59,16.1,16.38,16.18,0.1999999999999993,1.24,16965.0,27869.119
301320.SZ,2025-12-19,16.33,16.65,16.33,16.62,16.38,0.240000000000002,1.47,15959.92,26447.44
301320.SZ,2025-12-22,16.66,16.83,16.56,16.58,16.62,-0.0400000000000027,-0.24,14384.54,24029.016
301320.SZ,2025-12-23,16.52,16.7,16.46,16.69,16.58,0.11000000000000298,0.66,13659.0,22688.048
301320.SZ,2025-12-24,16.62,16.95,16.55,16.93,16.69,0.23999999999999844,1.44,11317.06,19077.005
301320.SZ,2025-12-25,16.94,17.04,16.83,16.99,16.93,0.05999999999999872,0.35,14648.0,24771.456
301320.SZ,2025-12-26,16.98,17.13,16.75,16.81,16.99,-0.17999999999999972,-1.06,15869.0,26806.91
301320.SZ,2025-12-29,16.87,16.94,16.65,16.8,16.81,-0.00999999999999801,-0.06,15783.44,26449.159
301320.SZ,2025-12-30,16.8,17.14,16.67,16.99,16.8,0.18999999999999773,1.13,15731.9,26580.722
301320.SZ,2025-12-31,17.1,17.12,16.7,16.97,16.99,-0.019999999999999574,-0.12,13428.58,22679.158
